(300,100),
(303,104),(304,97),
(308,108),(309,95),(302,99),(303,96),(298,102),(302,103),(301,96),
(312,111),(315,93),(305,97),(306,90),(295,106),(305,107),(303,92),(294,95),(296,103),(296,97),(299,100),
(318,113),(321,92),(309,96),(306,84),(292,111),(305,111),(303,90),(287,91),(290,107),(287,93),(296,104),(297,102),(297,103),(302,100),(302,100),
(323,114),(327,92),(312,94),(302,78),(289,115),(301,112),(300,92),(280,89),(285,110),(278,91),(292,106),(294,104),(293,108),(305,101),(305,101),(298,94),(295,101),(300,100),
(329,113),(334,93),(316,91),(295,70),(285,120),(293,112),(294,97),(272,88),(278,112),(268,91),(288,107),(290,106),(288,112),(306,101),(305,99),(295,86),(286,102),(303,101),(299,102),(297,101),(300,99),(300,99),(300,100),
(335,110),(341,95),(320,88),(283,63),(281,124),(280,109),(286,107),(264,90),(272,112),(258,95),(284,106),(286,106),(282,114),(305,102),(301,94),(290,81),(276,103),(305,102),(299,108),(287,105),(305,96),(309,98),(294,99),(296,99),(297,102),(301,100),(298,100),(297,100),(299,99),
(343,106),(349,99),(325,84),(266,55),(276,129),(260,103),(272,122),(255,95),(265,110),(250,100.01),(278,103),(282,105),(276,115),(300,102),(292,85),(283,79),(266,102),(306,101),(300,112),(276,107),(304,93),(313,97),(287,99),(293,100),(294,108),(307,104),(291,100),(289,103),(293,97),(294,99),(301,97),(299,100),(298,100),(298,97),(305,99),
(350,100.01),(350,100.01),(330,78),(250,50),(270,134),(250,100.01),(253,145),(250,100.01),(258,106),(273,97),(278,102),(269,113),(292,102),(276,71),(274,81),(254,101),(304,98),(302,113),(263,105),(294,93),(310,96),(280,99),(295,104),(294,115),(312,108),(286,101),(286,107),(287,93),(286,97),(305,88),(304,95),(307,99),(304,104),(290,101),(301,100),(299,100),(300,100),(300,100),(299,99),
(335,72),(264,139),(250,150),(250,100),(266,88),(273,97),(260,109),(280,101),(252,52),(262,88),(250,100.01),(300,94),(306,112),(250,100),(273,96),(298,96),(272,99),(302,112),(298,123),(318,113),(283,104),(289,114),(280,87),(277,95),(311,80),(310,90),(312,97),(306,106),(285,105),(308,101),(294,102),(305,101),(289,98),(304,101),(302,104),(304,97),(302,102),(301,99),(300,100),(298,99),(298,92),
(340,65),(258,144),(250,100.01),(260,75),(268,90),(252,101),(263,100),(250,50),(250,100.01),(293,87),(311,106),(250,100.01),(250,100.01),(276,98),(264,99),(315,123),(308,130),(324,118),(283,107),(301,124),(273,81),(270,91),(318,72),(315,85),(315,94),(303,103),(288,113),(311,100),(289,102),(304,97),(280,95),(311,104),(307,109),(313,92),(309,109),(308,94),(291,96),(304,102),(301,107),(297,98),(302,102),(298,99),(300,100),(299,99),(300,100),(298,98),(302,100),
(345,57),(251,148),(253,59),(262,81),(250,100.01),(250,100.01),(283,79),(318,98),(250,100.01),(256,99),(333,137),(322,138),(330,124),(286,111),(319,134),(266,73),(264,86),(325,65),(320,79),(314,90),(296,96),(300,123),(310,97),(284,102),(297,89),(272,91),(317,108),(313,109),(322,86),(316,115),(314,90),(283,90),(310,102),(306,112),(292,96),(305,104),(294,96),(304,103),(293,97),(284,98),(303,104),(296,98),(303,101),(301,103),(301,101),(298,98),
(350,50),(250,150),(250,50),(257,69),(270,67),(328,84),(250,100.01),(350,150),(343,147),(335,130),(293,117),(348,149),(258,63),(258,79),(334,58),(326,73),(310,85),(283,83),(325,137),(304,90),(279,99),(281,75),(264,86),(323,114),(321,103),(330,78),(324,123),(321,83),(274,82),(317,100),(314,110),(287,92),(305,104),(288,92),(306,104),(287,94),(271,92),(305,107),(289,94),(306,99),(308,109),(305,104),(305,103),(296,97),(305,100),(301,99),(300,101),(300,100),(299,100),(300,100),(298,100),(302,101),(297,101),(296,99),(296,97),(291,93),
(250,51),(251,51),(341,63),(350,150),(341,137),(304,124),(350,150),(250,50),(254,70),(345,51),(333,67),(300,77),(262,62),(350,150),(291,80),(273,93),(253,52),(257,77),(331,122),(330,90),(338,68),(332,131),(329,75),(264,70),(325,94),(326,95),(281,87),(302,100),(282,87),(305,103),(279,88),(260,82),(302,105),(282,88),(299,91),(316,107),(306,105),(312,104),(289,91),(314,97),(305,95),(300,110),(307,100),(286,104),(294,95),(305,96),(293,96),(303,97),(304,100),(303,101),(305,103),(302,102),(297,102),(299,100),(299,100),(299,99),(300,99),(297,101),(303,98),
(250,50),(250,50),(350,50),(346,144),(317,132),(250,50),(251,61),(350,50),(339,61),(288,70),(250,50),(275,67),(268,87),(250,50),(253,68),(337,130),(340,71),(345,59),(340,139),(336,67),(255,58),(331,86),(339,72),(276,82),(294,93),(276,82),(302,99),(273,82),(253,70),(296,98),(275,82),(283,77),(325,98),(304,103),(319,102),(282,85),(310,89),(305,90),(298,113),(313,98),(276,100),(294,90),(305,90),(285,90),(305,93),(311,98),(306,102),(307,103),(308,105),(287,105),(292,105),(293,109),(305,103),(295,102),(304,93),(295,101),(297,99),(302,99),(301,100),(300,101),(300,100),
(350,150),(334,142),(250,50),(345,54),(271,60),(252,51),(262,78),(250,57),(344,141),(350,50),(350,50),(347,147),(343,58),(250,50),(338,74),(350,50),(270,76),(283,82),(271,76),(295,93),(266,74),(250,54),(285,87),(268,75),(258,56),(335,81),(298,97),(327,95),(275,79),(293,76),(302,84),(292,110),(320,94),(266,90),(299,82),(297,81),(276,82),(305,88),(318,94),(304,99),(301,96),(315,105),(276,100),(285,106),(284,108),(304,100),(293,101),(305,85),(291,103),(294,95),(308,97),(310,99),(306,108),(293,95),(300,99),(300,100),(299,99),(300,99),(302,99),
(350,150),(350,50),(250,50),(250,50),(257,67),(250,50),(350,150),(350,150),(350,50),(345,60),(264,70),(268,67),(265,70),(287,85),(259,65),(250,50),(270,71),(261,66),(250,50),(347,56),(290,89),(334,85),(268,71),(263,57),(295,77),(285,102),(326,87),(257,72),(311,73),(282,69),(267,73),(303,83),(325,88),(299,94),(284,80),(321,102),(265,86),(278,102),(273,96),(294,90),(296,98),(300,76),(290,102),(293,91),(313,94),(319,95),(313,109),(286,90),(309,96),(311,102),(308,104),(295,101),(295,100),(300,99),(298,98),(304,99),
(250,50),(252,56),(350,50),(259,64),(251,51),(260,63),(277,75),(253,55),(252,52),(255,58),(350,50),(280,79),(341,72),(261,64),(250,50),(285,70),(275,89),(332,80),(250,50),(326,63),(262,57),(259,63),(298,78),(332,80),(291,86),(260,59),(326,97),(256,66),(271,96),(262,76),(277,75),(301,92),(289,68),(292,99),(296,87),(319,90),(327,87),(320,104),(280,85),(316,92),(320,101),(311,109),(293,100),(289,99),(295,104),(305,106),(291,101),(297,98),(299,100),(299,99),(300,99),(302,100),
(250,50),(254,57),(250,50),(255,57),(265,64),(250,50),(250,50),(250,50),(267,67),(347,56),(255,56),(272,62),(263,71),(338,71),(346,52),(250,50),(251,51),(291,72),(339,70),(279,75),(250,50),(332,89),(250,50),(265,86),(250,50),(254,53),(310,84),(272,59),(297,94),(300,81),(324,85),(335,77),(327,95),(274,80),(323,85),(328,96),(309,114),(294,98),(282,96),(293,105),(305,114),(280,105),(293,94),(291,105),(299,109),(293,102),(296,97),(298,99),(295,99),(297,101),(298,99),(301,100),(298,99),(299,104),(302,100),(297,99),(303,99),(302,100),(293,96),
(250,50),(250,50),(250,50),(250,50),(350,50),(250,50),(254,52),(250,50),(345,59),(350,50),(250,50),(279,65),(346,56),(261,59),(339,77),(257,70),(250,50),(324,71),(250,50),(305,86),(309,74),(330,79),(344,61),(337,77),(268,74),(332,76),(336,86),(302,122),(297,93),(275,90),(294,104),(297,124),(269,113),(295,87),(282,104),(296,115),(286,102),(293,93),(294,97),(283,97),(286,103),(293,94),(314,102),(307,102),(302,86),(292,97),(303,100),(294,98),(295,98),(306,102),(303,99),(299,99),(299,99),(299,99),(302,98),
(250,50),(350,50),(266,57),(350,50),(250,50),(345,63),(250,51),(341,57),(317,76),(320,66),(336,72),(350,50),(347,56),(263,68),(340,65),(343,72),(290,130),(303,88),(268,83),(299,100),(283,134),(260,121),(302,78),(274,98),(291,114),(278,98),(295,88),(293,94),(274,93),(276,96),(296,86),(325,98),(316,100),(307,73),(284,91),(306,99),(294,94),(289,95),(316,102),(306,97),(293,95),(306,102),(303,108),(296,102),(295,95),(297,97),(304,98),(298,99),(299,100),(298,99),(300,100),(302,99),
(251,50),(350,50),(250,50),(350,50),(330,65),(333,58),(341,64),(350,50),(258,62),(347,54),(348,55),(274,138),(312,80),(262,73),(306,92),(262,144),(255,131),(315,69),(266,87),(285,108),(272,91),(300,82),(295,90),(266,88),(265,84),(306,77),(333,90),(324,95),(315,63),(275,84),(305,96),(301,85),(282,90),(326,98),(302,91),(296,88),(312,102),(308,111),(293,102),(293,86),(294,93),(311,91),(295,97),(294,102),(284,93),(292,95),(296,100),(303,103),(301,100),(301,99),(299,100),(300,99),
(250,50),(347,51),(349,50),(346,55),(253,55),(350,50),(350,50),(253,148),(323,71),(256,62),(316,83),(250,150),(251,144),(332,59),(258,71),(276,96),(265,82),(308,74),(298,86),(260,81),(255,64),(322,66),(341,78),(332,85),(325,56),(267,75),(301,91),(316,73),(276,85),(334,90),(292,81),(306,78),(319,99),(313,110),(295,99),(297,77),(294,88),(308,83),(293,93),(294,101),(272,85),(283,96),(289,99),(306,111),(306,105),(311,97),(294,100),(305,94),(296,103),(302,98),(299,101),(299,100),(299,99),(300,100),(300,99),(298,100),(301,98),(298,98),
(350,50),(350,50),(350,50),(250,50),(250,150),(338,58),(250,50),(331,67),(250,150),(350,50),(250,50),(264,76),(257,67),(322,65),(304,79),(255,72),(250,50),(350,50),(348,58),(341,69),(341,51),(257,62),(293,84),(342,55),(268,77),(342,75),(273,66),(328,63),(326,92),(321,102),(303,91),(311,67),(297,81),(293,71),(294,89),(299,96),(261,73),(273,103),(281,95),(301,120),(303,113),(321,90),(293,98),(303,85),(294,106),(315,92),(298,110),(298,112),(291,98),(281,94),(297,108),(305,100),(288,108),(309,103),(294,97),(297,100),(298,100),(297,99),(299,100),(303,97),(303,102),(295,101),(303,96),(305,95),(305,99),
(350,50),(350,50),(250,50),(250,50),(342,53),(315,72),(251,60),(350,50),(350,50),(350,50),(250,50),(281,73),(350,50),(260,67),(349,53),(250,50),(350,50),(334,81),(332,86),(318,77),(336,55),(306,73),(263,56),(299,83),(310,84),(252,57),(263,118),(273,88),(287,132),(290,125),(333,78),(298,93),(290,72),(302,97),(327,83),(301,112),(300,122),(283,98),(266,85),(299,109),(303,107),(276,119),(319,102),(287,90),(293,97),(294,101),(293,93),(293,98),(295,103),(295,94),(306,97),(297,104),(296,104),(296,101),(303,97),(301,99),(299,100),(298,101),(301,102),(296,102),(296,100),
(350,50),(327,63),(250,50),(265,61),(253,55),(350,50),(342,67),(343,64),(339,59),(350,50),(318,65),(250,50),(307,76),(328,69),(250,50),(253,140),(266,78),(265,143),(270,138),(343,61),(307,84),(266,58),(320,79),(337,73),(307,107),(306,131),(275,100),(256,71),(307,102),(291,118),(264,131),(329,95),(295,80),(296,92),(294,99),(300,84),(297,91),(293,103),(293,86),(316,91),(295,113),(293,112),(293,105),(310,91),(311,100),(305,100),(307,91),(296,93),(308,92),(306,99),(299,99),(300,98),(299,99),(299,100),(301,100),(297,99),
(341,54),(250,50),(250,50),(349,51),(350,50),(350,50),(333,57),(316,69),(348,50),(250,150),(258,67),(250,150),(250,150),(350,50),(320,73),(250,50),(345,54),(344,62),(316,98),(313,137),(270,105),(250,55),(319,88),(273,132),(255,142),(337,84),(312,68),(304,83),(299,93),(315,72),(308,80),(297,99),(298,78),(326,82),(296,120),(296,119),(295,111),(317,85),(321,106),(311,102),(316,81),(296,91),(318,82),(314,102),(295,95),(308,86),(295,92),(305,94),(295,100),(304,99),(304,102),(299,104),(300,99),(299,100),(297,101),
(350,50),(350,50),(350,50),(327,62),(350,50),(252,55),(335,61),(350,50),(349,50),(326,83),(323,142),(265,110),(250,50),(334,70),(250,150),(250,150),(343,69),(338,55),(317,73),(307,86),(336,57),(325,67),(304,91),(306,71),(334,72),(301,126),(303,127),(301,117),(323,79),(330,116),(316,104),(324,73),(299,92),(328,72),(322,107),(293,94),(316,76),(297,92),(311,89),(293,102),(310,97),(312,107),(300,111),(310,96),(307,97),(303,97),(301,99),(298,98),(300,99),(300,101),(296,100),
(342,53),(250,50),(350,50),(350,50),(341,62),(336,147),(260,118),(350,50),(350,50),(350,50),(336,59),(320,75),(350,50),(350,50),(317,79),(321,62),(344,59),(309,133),(315,135),(312,126),(330,72),(340,131),(322,109),(333,64),(306,99),(339,61),(330,116),(294,96),(326,66),(305,99),(317,83),(296,107),(317,94),(322,115),(302,115),(320,88),(316,97),(310,93),(310,101),(293,94),(315,98),(295,92),(303,100),(303,99),(301,99),(299,100),(297,99),(299,96),(295,101),(295,97),(293,98),(305,105),
(350,50),(350,50),(350,150),(256,127),(350,50),(337,60),(335,63),(341,53),(350,50),(321,139),(333,143),(328,137),(337,65),(350,150),(328,115),(343,55),(317,112),(350,50),(339,129),(299,100),(337,57),(319,114),(323,77),(302,114),(324,88),(331,124),(306,115),(331,77),(324,100),(316,87),(320,106),(297,98),(327,103),(288,84),(311,101),(314,101),(306,100),(295,104),(307,102),(302,106),(306,98),(306,103),(307,101),(296,93),(297,101),(302,100),(297,101),(299,100),(302,99),(298,99),(293,97),
(252,138),(350,50),(350,50),(350,50),(336,145),(350,150),(349,149),(344,57),(333,122),(350,50),(332,129),(348,145),(305,107),(349,50),(338,137),(330,71),(314,123),(330,80),(340,136),(311,110),(342,62),(331,106),(323,81),(329,115),(311,112),(338,114),(282,76),(318,105),(324,109),(312,102),(293,109),(317,108),(306,111),(316,98),(317,109),(320,99),(295,81),(291,104),(306,101),(284,108),(287,105),(288,102),(305,103),(305,102),(301,99),(302,101),(304,97),(297,98),
(250,150),(350,150),(350,150),(350,50),(339,130),(350,150),(350,150),(314,116),(350,50),(350,150),(335,65),(327,134),(337,72),(348,148),(317,103),(350,50),(337,115),(329,75),(337,126),(331,132),(345,130),(275,69),(324,111),(334,121),(317,104),(294,114),(326,116),(311,111),(323,101),(325,116),(329,95),(303,71),(286,107),(305,102),(272,110),(276,107),(276,103),(308,108),(303,104),(306,100),(295,95),(292,104),(304,101),(302,97),(301,92),(296,96),(302,102),(302,98),(302,98),(297,102),(298,100),(297,100),(301,99),(300,98),(298,101),(302,99),
(345,140),(327,128),(342,58),(347,148),(343,61),(350,150),(326,91),(343,128),(336,67),(346,143),(350,150),(350,150),(267,62),(331,119),(345,139),(323,109),(297,119),(336,128),(317,107),(331,106),(334,125),(337,86),(320,61),(280,112),(299,102),(260,107),(264,105),(261,102),(308,114),(286,103),(304,106),(293,87),(281,112),(311,100),(305,94),(305,78),(292,88),(309,104),(305,95),(308,96),(286,113),(294,101),(291,102),(290,100),(296,108),(308,94),(294,101),(295,98),(303,100),(296,101),(302,98),(300,100),(300,99),(299,100),(302,99),(295,100),(306,100),
(350,150),(342,142),(348,51),(350,150),(350,50),(335,75),(348,144),(342,59),(350,150),(259,56),(339,130),(350,150),(328,115),(303,125),(345,142),(325,97),(337,114),(341,135),(344,72),(346,51),(274,118),(288,102),(250,100),(251,101),(250,100.01),(304,120),(253,100),(295,115),(298,79),(270,122),(319,96),(306,94),(313,67),(295,79),(315,104),(306,94),(309,97),(276,123),(294,99),(289,102),(281,99),(291,117),(318,85),(287,105),(289,94),(309,99),(285,100),(306,91),(303,107),(291,103),(306,96),(283,98),(311,98),(288,98),(300,100),(300,99),(302,101),(303,102),(304,103),(304,103),
(350,150),(350,50),(347,55),(350,150),(349,50),(250,50),(346,143),(334,122),(311,131),(350,150),(334,82),(343,125),(348,146),(349,55),(350,50),(268,124),(272,101),(250,100.01),(250,100.01),(295,128),(250,100.01),(278,128),(309,70),(260,133),(326,90),(303,97),(323,58),(305,70),(322,100),(304,97),(306,101),(265,134),(300,92),(291,98),(272,96),(285,126),(328,75),(279,111),(288,88),(316,96),(274,92),(299,81),(307,111),(292,99),(310,92),(267,92),(325,93),(274,92),(306,100),(290,103),(291,93),(294,96),(293,94),(294,94),(296,98),(297,99),(298,101),(298,99),(300,100),(300,100),(299,99),(300,99),(298,100),(297,101),(294,99),(303,101),(303,96),
(350,50),(350,50),(250,50),(350,150),(340,132),(323,138),(345,59),(348,140),(350,150),(350,50),(261,132),(250,100.01),(280,136),(253,147),(328,59),(252,146),(335,79),(297,103),(337,52),(323,60),(329,93),(298,102),(299,108),(254,145),(312,81),(297,92),(264,89),(277,134),(339,63),(271,120),(293,81),(324,91),(262,75),(280,67),(312,111),(304,87),(310,87),(256,78),(336,84),(262,82),(301,93),(279,100),(280,83),(284,88),(281,84),(283,84),(286,95),(287,94),(290,105),(289,96),(308,103),(288,99),(310,103),(295,104),(312,98),(306,94),(310,99),(292,96),(294,104),(301,99),(301,100),(300,103),(303,98),
(346,143),(338,144),(350,50),(350,150),(255,141),(262,144),(250,150),(350,50),(250,150),(343,65),(288,112),(350,50),(348,50),(335,82),(290,110),(287,118),(250,150),(329,66),(308,83),(258,81),(269,140),(350,50),(263,129),(303,73),(331,83),(250,52),(252,51),(318,106),(327,67),(306,81),(250,59),(344,73),(254,69),(286,79),(268,88),(269,72),(275,80),(270,73),(273,74),(278,90),(278,87),(282,104),(281,91),(308,102),(276,93),(321,110),(293,109),(323,95),(314,86),(315,96),(283,90),(286,105),(305,96),(306,101),(295,86),(294,100),(304,98),(298,101),(299,103),(303,102),(296,95),
(350,150),(350,150),(250,150),(250,150),(350,50),(276,123),(350,50),(342,69),(279,120),(272,131),(350,50),(322,71),(254,71),(260,145),(255,141),(317,65),(338,72),(250,50),(250,50),(325,97),(350,50),(298,74),(250,50),(348,59),(250,53),(262,59),(258,69),(258,60),(266,70),(259,61),(264,64),(271,85),(269,78),(274,98),(272,83),(303,96),(266,80),(331,121),(295,115),(332,89),(322,79),(311,89),(274,84),(277,102),(306,93),(304,97),(286,72),(286,97),(312,98),(310,94),(302,86),(294,96),(304,105),(297,101),(295,103),(293,100),(298,98),(301,99),
(262,137),(348,53),(267,133),(254,146),(339,58),(251,59),(251,149),(250,150),(336,56),(344,61),(332,84),(286,67),(350,50),(250,50),(250,50),(250,50),(250,50),(258,61),(250,50),(254,55),(265,79),(260,66),(266,88),(264,74),(293,86),(255,62),(340,134),(299,120),(339,83),(329,71),(300,80),(267,77),(270,94),(303,88),(297,90),(276,62),(277,92),(320,99),(320,97),(309,84),(291,95),(312,115),(291,105),(284,112),(284,103),(294,96),(310,99),(296,99),(296,97),(300,99),(300,101),(302,100),(296,100),
(250,150),(350,50),(252,147),(250,150),(350,50),(250,50),(250,150),(350,50),(350,50),(341,69),(272,60),(250,50),(250,50),(260,73),(252,53),(259,74),(257,62),(278,73),(250,50),(350,150),(306,126),(344,74),(337,63),(282,68),(261,69),(262,81),(298,82),(285,79),(263,54),(269,83),(326,102),(331,108),(320,96),(294,99),(320,123),(285,109),(274,122),(284,108),(293,96),(314,102),(287,100),(285,95),(306,99),(297,90),(290,98),(304,97),(300,99),(300,100),(302,98),(297,97),
(250,150),(349,50),(254,52),(250,50),(256,66),(250,50),(252,55),(250,50),(258,57),(315,133),(348,65),(344,56),(256,53),(256,62),(255,64),(290,75),(268,65),(250,50),(261,72),(332,107),(341,128),(335,121),(301,107),(328,131),(279,114),(264,133),(292,116),(296,99),(312,106),(278,105),(275,99),(304,103),(292,86),(280,100),(306,93),(304,99),(289,97),(294,105),(304,103),(298,98),(299,99),(299,100),(299,99),(300,93),(303,99),
(350,50),(250,50),(253,59),(250,50),(250,50),(327,139),(349,54),(350,50),(250,50),(251,53),(250,50),(279,68),(250,50),(254,58),(337,113),(350,150),(350,150),(313,118),(336,139),(273,119),(254,144),(307,127),(300,104),(306,112),(270,113),(266,110),(295,112),(286,88),(271,104),(303,87),(306,100),(280,98),(294,113),(310,109),(292,95),(291,94),(294,103),(306,102),(300,110),(296,101),(304,98),(297,97),(304,99),(297,98),(299,100),(299,99),(300,99),(297,100),(297,99),(295,103),
(250,51),(341,146),(350,50),(250,50),(266,59),(250,50),(341,122),(331,133),(345,146),(268,125),(250,150),(331,140),(308,112),(295,121),(261,126),(257,128),(278,127),(278,97),(264,110),(296,79),(305,102),(272,103),(301,123),(318,116),(285,95),(283,95),(294,103),(314,103),(303,124),(293,104),(309,97),(294,94),(314,101),(288,97),(294,102),(292,93),(298,108),(306,97),(304,100),(303,97),(302,97),(299,100),(300,100),(302,99),(295,100),(297,102),(295,97),
(250,50),(350,150),(250,50),(345,132),(350,150),(350,150),(262,132),(350,150),(319,122),(279,132),(253,143),(250,150),(253,147),(268,113),(258,120),(283,70),(301,107),(264,111),(317,134),(325,123),(278,98),(275,100),(298,98),(322,101),(311,136),(295,109),(308,100),(294,95),(314,107),(279,101),(293,106),(284,93),(300,112),(315,92),(312,98),(306,96),(308,94),(310,95),(299,90),(294,103),(309,100),(306,95),(304,103),(297,102),(303,99),(301,101),(298,99),(299,99),(299,99),(300,100),(299,99),(298,98),(298,98),(302,98),(299,103),
(349,147),(255,141),(335,137),(253,147),(250,150),(250,150),(254,140),(252,135),(263,57),(293,114),(257,124),(345,147),(333,131),(270,106),(265,113),(309,87),(329,95),(325,145),(303,118),(299,110),(299,100),(303,117),(269,111),(297,112),(275,100),(304,110),(325,84),(320,93),(300,102),(315,94),(322,100),(302,87),(295,111),(322,102),(316,94),(305,110),(294,107),(311,99),(305,107),(293,99),(291,94),(290,96),(302,109),(309,104),(305,108),(304,104),(291,105),(300,92),(296,99),(298,100),(299,100),(298,100),(299,101),(301,99),(304,103),(304,103),
(350,150),(250,150),(350,150),(250,150),(250,150),(250,150),(250,50),(283,123),(251,141),(350,150),(341,140),(263,117),(257,131),(326,72),(336,85),(343,149),(316,128),(283,123),(310,110),(282,131),(260,126),(304,119),(265,113),(312,102),(335,72),(328,85),(287,115),(322,97),(333,113),(309,92),(306,122),(332,108),(325,100),(299,119),(294,113),(309,105),(305,114),(299,106),(283,94),(294,102),(301,118),(318,111),(304,118),(306,109),(282,111),(300,87),(281,101),(289,106),(305,97),(307,95),(301,93),(295,101),(294,97),(294,98),(298,104),(297,101),(303,102),(296,101),
(268,135),(250,150),(349,149),(256,133),(250,150),(349,50),(343,71),(350,150),(334,140),(258,143),(325,126),(250,150),(250,148),(316,128),(255,134),(324,88),(345,58),(337,73),(265,135),(328,104),(345,137),(321,107),(328,137),(340,116),(334,113),(285,130),(297,119),(297,116),(302,121),(315,121),(275,100),(309,116),(297,126),(328,120),(294,128),(306,115),(273,119),(296,86),(269,106),(280,113),(303,101),(307,97),(301,89),(289,105),(284,98),(283,99),(292,120),(306,95),(294,97),(303,99),(294,98),(300,101),(299,100),(296,102),
(251,148),(350,150),(250,150),(350,50),(348,55),(350,150),(250,150),(345,145),(250,150),(331,138),(250,150),(338,68),(350,50),(345,60),(250,150),(334,114),(350,150),(336,129),(350,150),(346,127),(343,131),(265,142),(302,125),(276,131),(294,128),(340,142),(267,109),(335,137),(292,132),(337,131),(278,138),(303,121),(266,127),(291,90),(260,114),(271,122),(292,111),(300,104),(298,89),(283,109),(274,105),(272,108),(283,132),(314,94),(287,97),(306,100),(282,98),(299,113),(305,94),(304,95),(298,100),(300,100),(299,100),(298,100),(296,97),(298,104),
(250,150),(350,50),(350,150),(350,150),(350,50),(350,50),(341,127),(350,150),(349,140),(350,150),(250,150),(311,131),(250,150),(283,135),(350,150),(260,124),(350,150),(284,138),(346,144),(252,149),(297,126),(258,136),(284,98),(254,126),(261,133),(272,130),(286,118),(292,95),(277,114),(264,119),(262,124),(271,142),(322,97),(279,101),(304,104),(270,104),(297,123),(306,94),(305,86),(289,102),(304,97),(306,93),(307,98),(304,104),(301,94),(296,100),(302,98),(297,101),(298,98),(303,102),
(347,142),(350,150),(323,137),(269,142),(252,142),(273,143),(350,150),(250,150),(290,132),(252,145),(275,110),(250,141),(253,145),(250,150),(265,136),(284,104),(271,120),(255,137),(251,145),(256,148),(329,104),(271,108),(297,111),(262,115),(292,131),(301,99),(300,77),(281,108),(306,97),(303,96),(314,100),(306,111),(302,85),(290,100),(306,97),(291,106),(309,106),(295,96),(304,99),(297,101),
(350,150),(335,143),(253,148),(250,150),(262,146),(281,137),(250,150),(266,124),(250,150),(250,150),(250,150),(275,116),(266,126),(250,150),(250,150),(250,150),(335,114),(264,118),(288,119),(255,128),(286,137),(293,107),(289,69),(274,114),(305,99),(295,104),(321,104),(303,118),(300,78),(285,99),(305,99),(286,110),(318,113),(293,95),(305,96),(289,103),(304,99),(302,100),(298,98),(298,100),(299,99),(299,99),(300,99),(303,100),(295,97),(303,101),(300,93),
(350,150),(250,150),(250,150),(269,142),(254,143),(262,133),(261,133),(342,128),(257,132),(274,130),(250,148),(278,143),(279,120),(271,59),(266,123),(301,103),(278,121),(329,111),(296,125),(296,71),(279,95),(300,104),(280,116),(327,122),(296,98),(299,87),(281,100),(305,94),(305,103),(289,95),(290,104),(291,99),(292,95),(304,98),(289,97),(304,102),(295,97),(298,108),(295,97),(302,98),(300,99),(297,100),(302,96),(304,99),(304,102),(302,96),
(255,148),(250,150),(250,150),(255,141),(349,146),(250,149),(256,145),(250,150),(267,147),(260,139),(250,50),(258,135),(295,109),(254,145),(336,122),(283,134),(289,65),(273,90),(292,112),(275,121),(336,131),(304,106),(283,74),(273,93),(299,85),(306,107),(281,97),(281,110),(283,102),(285,95),(306,99),(277,91),(305,100),(287,91),(292,122),(287,92),(306,94),(306,98),(307,99),(292,105),(291,100),(293,97),(297,104),(299,97),(299,99),(301,98),
(250,150),(250,150),(350,150),(250,150),(250,150),(254,149),(250,150),(250,149),(286,118),(250,150),(344,137),(265,143),(280,59),(267,82),(279,124),(269,127),(344,141),(317,118),(258,55),(265,82),(284,73),(303,113),(272,104),(272,118),(274,108),(278,98),(303,103),(267,83),(297,92),(279,85),(285,133),(279,85),(303,86),(303,102),(317,103),(283,105),(280,98),(283,97),(294,111),(301,86),(305,103),(294,106),(296,98),(297,102),(297,98),(301,99),(297,100),(298,99),(299,100),(298,99),(298,101),
(250,150),(250,150),(274,128),(350,150),(250,150),(268,54),(261,72),(261,139),(263,134),(350,150),(336,137),(250,50),(256,65),(259,56),(297,119),(263,117),(264,129),(266,119),(271,105),(297,109),(259,73),(280,76),(271,76),(274,141),(271,77),(293,77),(293,112),(327,112),(272,97),(271,94),(273,101),(295,118),(306,84),(305,100),(294,114),(290,97),(293,108),(293,93),(308,97),(287,106),(285,97),(294,105),(304,102),(304,97),(306,99),(301,104),(301,103),(297,97),(301,98),(298,99),(299,99),(299,99),(300,100),(299,100),(295,94),(296,96),(296,99),(299,107),
(257,143),(252,50),(254,59),(250,150),(256,141),(350,150),(250,50),(250,50),(287,127),(254,138),(254,143),(257,135),(263,118),(286,119),(252,60),(251,51),(262,66),(259,147),(261,66),(274,64),(273,130),(338,128),(261,79),(262,87),(264,112),(300,125),(316,93),(296,92),(301,124),(290,99),(295,116),(297,85),(317,92),(291,116),(285,89),(295,112),(311,107),(310,96),(321,102),(310,111),(309,110),(293,88),(307,94),(294,97),(294,95),(310,102),(294,95),(308,94),(307,105),(304,104),(303,101),(300,93),(297,98),(299,100),(299,100),(302,100),
(250,150),(250,50),(250,50),(250,149),(273,136),(250,150),(250,150),(250,150),(256,133),(271,132),(250,50),(250,50),(253,54),(250,150),(253,54),(250,50),(250,150),(349,148),(251,52),(256,78),(256,127),(309,132),(329,112),(280,77),(315,133),(296,106),(302,124),(307,75),(325,85),(309,129),(301,77),(303,121),(318,112),(316,97),(332,108),(320,104),(317,107),(296,79),(314,93),(293,97),(294,97),(321,97),(295,87),(317,95),(318,104),(312,112),(306,104),(303,86),(291,95),(295,105),(307,98),(295,98),(301,105),(301,99),(299,99),(299,99),(303,100),(305,104),(303,101),(294,95),
(250,150),(255,146),(250,150),(251,148),(250,50),(250,50),(350,150),(250,50),(252,65),(250,149),(321,139),(347,144),(256,55),(336,144),(308,116),(314,132),(325,63),(333,75),(342,146),(331,59),(318,132),(325,119),(322,100),(341,117),(333,84),(328,94),(307,69),(320,96),(295,100),(301,104),(333,84),(305,77),(327,102),(330,93),(321,120),(305,108),(308,85),(297,102),(293,110),(316,101),(294,100),(307,112),(307,97),(291,95),(290,93),(295,97),(295,96),(297,98),(304,102),(292,101),(303,101),(305,99),(304,103),(302,98),(297,100),(298,99),(301,101),(300,100),(299,98),(298,99),(302,97),(296,100),(298,90),
(250,150),(250,150),(250,50),(250,150),(339,146),(350,150),(250,50),(350,150),(327,132),(333,142),(350,50),(341,63),(350,150),(350,50),(341,145),(333,127),(328,107),(347,131),(350,50),(341,70),(325,59),(326,102),(300,105),(314,117),(344,62),(324,64),(337,118),(342,69),(329,128),(299,115),(315,90),(316,120),(295,116),(325,107),(299,107),(316,108),(314,98),(283,96),(291,83),(294,90),(294,96),(293,98),(315,102),(277,106),(305,108),(317,102),(316,104),(311,93),(293,99),(286,99),(312,111),(309,108),(302,115),(309,103),(295,105),(305,100),(300,107),(303,101),(296,99),(297,98),(298,98),(301,100),(301,99),(299,99),(301,98),(297,101),(307,99),(296,102),(293,101),
(350,150),(350,150),(350,150),(350,50),(350,150),(341,138),(335,117),(350,150),(350,50),(350,50),(334,113),(310,114),(337,138),(350,50),(350,50),(348,145),(350,50),(339,138),(288,124),(326,105),(350,150),(301,123),(335,120),(314,120),(330,88),(321,102),(274,103),(306,71),(304,79),(303,106),(294,101),(326,93),(264,117),(296,120),(331,116),(330,92),(321,85),(296,93),(272,109),(324,123),(320,118),(294,130),(321,112),(293,113),(316,104),(297,122),(305,108),(287,100),(294,92),(293,90),(311,99),(309,91),(310,105),(293,105),(311,91),(288,99),(303,97),(307,96),(294,100),(297,103),(297,101),(300,100),(299,99),(302,99),(305,102),(293,105),(304,88),
(349,149),(342,130),(341,127),(323,126),(350,150),(350,150),(348,148),(273,135),(338,126),(310,130),(344,138),(335,138),(347,55),(328,109),(265,115),(334,56),(322,66),(322,124),(300,107),(337,77),(255,129),(275,134),(344,137),(342,68),(330,76),(306,84),(260,128),(335,134),(330,129),(276,141),(332,124),(296,121),(325,113),(290,133),(296,119),(279,105),(294,86),(295,82),(320,95),(317,84),(320,103),(300,99),(324,80),(284,94),(306,95),(320,87),(282,97),(295,107),(286,109),(305,100),(306,99),(294,100),(295,96),(306,94),(295,105),(297,97),(295,98),(298,98),(299,99),(300,100),(299,100),(302,101),
(350,150),(349,147),(348,145),(339,140),(350,150),(252,148),(350,150),(324,138),(350,150),(350,150),(350,50),(335,119),(256,133),(350,50),(350,50),(350,150),(309,115),(348,53),(250,146),(250,150),(350,150),(350,50),(339,64),(324,69),(250,150),(346,146),(341,139),(250,150),(344,140),(306,129),(335,125),(279,142),(275,134),(270,114),(297,80),(301,74),(329,86),(325,77),(330,92),(319,80),(337,66),(295,83),(305,96),(333,73),(269,85),(299,104),(275,118),(305,96),(303,94),(285,97),(294,88),(320,81),(285,108),(293,91),(282,91),(288,85),(294,95),(308,103),(307,96),(294,98),(305,100),(296,102),(296,97),(302,101),(300,99),(300,100),(299,100),(301,100),(297,98),(297,97),
(350,150),(350,150),(350,150),(250,150),(341,146),(342,133),(250,150),(323,128),(350,50),(250,150),(349,51),(349,50),(350,150),(350,150),(350,150),(322,138),(345,142),(263,148),(250,150),(261,127),(305,73),(314,66),(338,72),(333,68),(340,73),(350,50),(350,50),(319,67),(300,101),(347,54),(257,65),(311,92),(265,129),(299,89),(292,83),(276,91),(303,77),(333,67),(272,95),(295,84),(270,79),(278,73),(295,97),(316,101),(316,90),(297,103),(318,95),(293,104),(294,97),(314,102),(309,95),(292,97),(311,89),(290,97),(311,103),(304,104),(300,100),(299,100),(299,99),(300,100),(299,100),(301,98),(301,100),(298,100),(297,101),(293,99),(292,97),(306,105),(293,93),(303,102),
(350,150),(349,149),(341,142),(350,50),(350,50),(343,147),(350,150),(250,150),(252,143),(316,65),(331,57),(347,54),(341,59),(350,50),(350,50),(291,110),(350,50),(250,50),(329,73),(257,139),(288,79),(273,68),(267,80),(321,65),(346,53),(257,67),(302,77),(257,63),(266,63),(302,104),(324,96),(324,83),(313,118),(331,82),(300,97),(302,106),(326,94),(311,90),(285,93),(323,77),(291,101),(322,100),(306,105),(309,101),(287,97),(284,103),(293,96),(309,96),(289,106),(291,94),(304,96),(305,93),(311,101),(307,104),(294,96),(304,104),(295,96),(296,97),(298,99),(298,99),(301,100),(302,98),(305,96),(297,100),
(350,150),(350,150),(350,150),(250,150),(330,58),(350,50),(350,50),(349,50),(280,121),(350,50),(250,150),(271,66),(250,50),(258,67),(348,50),(350,50),(250,50),(313,68),(250,50),(254,53),(314,116),(331,87),(332,74),(339,141),(344,62),(315,82),(321,123),(337,77),(309,84),(277,87),(335,65),(302,112),(333,91),(302,100),(311,100),(275,88),(288,113),(299,102),(319,99),(277,102),(281,85),(305,90),(307,85),(326,106),(309,113),(296,99),(305,104),(288,90),(285,96),(290,100),(288,100),(293,98),(294,103),(294,106),(303,100),(302,98),(298,100),(298,99),(301,101),(296,97),(302,98),(305,107),
(346,51),(350,50),(265,135),(250,50),(250,50),(350,50),(328,60),(250,50),(332,133),(339,75),(340,63),(350,150),(350,50),(337,61),(348,148),(348,53),(301,77),(271,80),(347,53),(322,129),(341,76),(293,92),(309,95),(263,74),(311,129),(315,118),(328,108),(266,88),(272,76),(301,83),(302,77),(337,114),(300,123),(310,113),(295,94),(282,85),(274,104),(283,104),(278,106),(287,99),(294,110),(296,116),(310,102),(306,98),(290,105),(289,101),(292,95),(305,105),(295,102),(294,95),(298,103),(302,101),(302,101),(299,102),(298,98),(299,99),(300,99),(299,99),(300,99),(302,101),(298,95),(297,97),(296,97),(288,97),(305,96),
(350,50),(250,150),(250,50),(250,50),(348,50),(350,150),(346,58),(349,51),(350,50),(350,150),(350,50),(289,69),(263,71),(350,50),(350,150),(348,55),(279,78),(301,88),(251,53),(350,150),(344,144),(338,123),(254,63),(262,65),(291,74),(291,68),(345,125),(279,136),(339,140),(275,74),(275,78),(262,121),(276,110),(269,116),(279,102),(300,119),(309,129),(316,106),(305,101),(282,110),(278,107),(283,94),(304,115),(289,107),(281,94),(294,114),(306,109),(305,110),(294,114),(293,91),(291,93),(306,96),(306,108),(291,103),(290,97),(301,109),(303,104),(303,102),(308,101),(294,103),(299,104),(302,100),(300,99),(299,101),(301,94),
(350,50),(350,50),(350,50),(270,59),(256,61),(350,50),(259,59),(287,77),(250,50),(350,150),(348,146),(250,50),(252,52),(275,63),(274,59),(349,141),(250,150),(350,150),(250,50),(268,71),(250,148),(268,118),(259,132),(272,109),(314,129),(337,144),(323,111),(299,107),(274,118),(267,119),(273,101),(294,126),(282,112),(269,107),(289,124),(302,117),(295,122),(287,125),(298,81),(284,87),(313,91),(302,118),(282,102),(278,102),(300,120),(305,107),(306,104),(312,96),(283,112),(299,111),(306,100),(294,99),(307,84),(297,105),(304,101),(295,96),(306,97),(297,100),(297,101),(300,100),(300,100),(297,100),(297,99),(295,97),(296,100),(307,91),(294,101),
(250,50),(250,50),(250,50),(268,63),(350,150),(250,50),(253,51),(250,50),(350,150),(262,65),(250,150),(260,129),(250,150),(265,119),(335,142),(350,150),(330,119),(289,116),(266,127),(257,135),(264,114),(274,139),(275,119),(256,133),(282,133),(292,127),(273,137),(279,134),(311,70),(276,80),(320,85),(289,130),(274,96),(265,117),(294,130),(303,106),(305,103),(300,84),(272,122),(304,110),(298,90),(294,97),(318,70),(292,110),(314,99),(291,87),(311,88),(286,96),(285,102),(308,105),(292,97),(305,96),(308,100),(308,102),(303,98),(295,105),(303,98),(302,93),(301,104),(303,95),(297,100),(299,92),
(250,50),(250,50),(250,50),(256,58),(253,142),(258,131),(350,150),(337,127),(275,128),(258,137),(250,150),(255,133),(250,150),(269,125),(250,150),(273,139),(275,137),(250,150),(269,141),(333,57),(269,73),(327,78),(267,142),(265,84),(253,140),(284,138),(298,101),(300,98),(273,65),(261,134),(314,99),(279,74),(298,91),(331,59),(287,110),(324,93),(296,78),(299,75),(275,88),(275,99),(316,105),(285,93),(303,87),(319,95),(309,99),(306,93),(296,106),(306,94),(310,78),(300,110),(313,80),(289,101),(301,107),(297,101),(302,96),(301,101),(299,99),(302,100),(302,98),(297,101),(297,99),(295,101),(299,90),(292,105),
(250,50),(250,150),(251,146),(343,138),(256,144),(250,149),(250,150),(262,133),(263,145),(251,149),(257,147),(350,50),(262,64),(334,71),(250,150),(256,67),(250,150),(270,144),(290,92),(291,89),(250,50),(250,148),(329,79),(250,50),(307,82),(347,51),(280,105),(334,80),(312,67),(271,59),(264,74),(266,91),(324,100),(277,86),(289,75),(330,84),(298,88),(303,87),(308,94),(304,88),(320,66),(290,100),(326,67),(280,98),(305,114),(290,102),(305,87),(310,103),(311,104),(292,97),(294,103),(307,95),(303,100),(303,97),(301,109),(304,94),(295,96),(301,98),(298,100),(298,99),(302,96),(293,103),
(250,50),(250,150),(350,150),(250,150),(250,150),(256,141),(253,149),(250,150),(250,150),(255,56),(340,62),(250,50),(252,149),(278,80),(279,78),(250,150),(348,51),(321,71),(350,50),(273,95),(344,62),(336,55),(250,50),(253,56),(259,78),(331,90),(270,79),(264,58),(341,67),(276,70),(296,80),(331,70),(297,80),(333,56),(271,77),(339,56),(272,90),(311,113),(284,100),(302,78),(318,100),(322,99),(283,92),(291,103),(316,88),(306,98),(306,92),(305,123),(305,84),(284,87),(306,88),(285,102),(288,91),(296,103),(305,95),(296,97),(307,100),(295,96),(297,100),(297,100),(300,99),(299,100),(300,100),(298,99),(298,99),(300,97),(302,99),(295,102),
(250,150),(250,150),(250,50),(348,52),(250,150),(262,63),(262,62),(350,50),(341,56),(263,80),(350,50),(350,50),(250,50),(252,60),(340,75),(262,69),(250,50),(350,50),(250,50),(284,70),(350,50),(284,70),(350,50),(250,50),(350,50),(263,78),(320,103),(277,95),(293,69),(328,92),(334,84),(274,83),(293,100),(327,79),(304,94),(303,85),(314,136),(295,71),(273,76),(299,76),(274,98),(277,81),(288,107),(307,84),(286,89),(315,95),(284,86),(289,102),(288,98),(306,91),(287,100),(312,106),(312,99),(305,103),(298,108),(291,100),(303,97),(297,99),(297,98),(298,98),(299,99),(298,99),(299,100),(299,100),(298,101),
(350,50),(250,50),(250,50),(350,50),(254,59),(250,50),(348,55),(254,57),(266,59),(265,59),(255,61),(331,85),(270,88),(277,60),(337,78),(346,59),(264,72),(301,92),(337,67),(298,88),(294,77),(327,144),(274,59),(262,64),(281,64),(264,88),(267,70),(280,104),(298,74),(277,81),(305,84),(273,75),(281,99),(279,92),(303,83),(275,93),(324,100),(312,94),(305,101),(294,113),(280,95),(310,91),(289,96),(291,90),(293,89),(294,97),(288,90),(289,101),(306,93),(311,89),(303,96),(302,100),(301,99),(300,101),(299,99),(299,100),(299,99),(300,100),(302,100),
(250,50),(350,50),(250,50),(250,50),(250,50),(250,50),(345,60),(263,78),(256,52),(345,60),(350,50),(255,59),(314,80),(347,53),(289,79),(280,67),(342,149),(250,50),(251,51),(252,51),(256,72),(256,58),(273,97),(279,62),(268,72),(280,67),(262,63),(273,92),(270,83),(294,73),(263,78),(336,83),(302,84),(297,93),(289,113),(269,84),(318,85),(282,92),(293,82),(301,77),(293,94),(295,79),(278,96),(299,83),(323,76),(312,88),(314,98),(306,95),(302,112),(294,86),(305,89),(304,99),(289,91),(290,96),(303,98),(304,99),(302,98),(294,100),(302,99),(297,101),(300,100),(299,99),(303,99),(303,96),(304,102),
(350,50),(256,65),(250,50),(350,50),(250,50),(334,63),(350,50),(274,68),(260,55),(350,150),(250,50),(250,50),(250,50),(250,50),(264,84),(250,50),(259,61),(250,50),(250,50),(265,81),(261,70),(276,62),(251,54),(348,54),(279,68),(283,79),(282,107),(258,67),(325,78),(274,84),(302,73),(320,64),(296,89),(320,63),(268,85),(280,68),(336,63),(322,78),(326,89),(303,87),(307,115),(302,72),(311,79),(306,96),(279,82),(278,87),(306,98),(316,95),(306,97),(278,104),(312,101),(281,109),(293,95),(308,99),(296,100),(295,103),(297,97),(297,99),(296,97),(297,97),(300,101),(298,99),(299,99),(298,99),(303,99),
(250,50),(350,50),(256,54),(250,50),(250,50),(256,67),(250,50),(250,50),(257,66),(252,54),(251,50),(250,50),(350,50),(250,50),(261,60),(274,97),(250,50),(332,70),(266,75),(318,63),(350,50),(303,82),(350,50),(258,67),(250,50),(348,51),(332,68),(338,72),(293,78),(314,110),(325,59),(318,71),(302,91),(269,72),(267,75),(299,106),(325,90),(299,104),(265,111),(316,105),(267,121),(286,93),(318,94),(293,103),(288,110),(293,92),(293,100),(292,94),(293,94),(310,108),(289,98),(298,111),(309,102),(288,99),(300,95),(300,99),(299,99),(301,99),(299,96),(296,96),(297,93),
(250,50),(250,50),(250,50),(250,50),(250,50),(250,50),(250,50),(266,82),(339,62),(258,64),(340,53),(313,74),(250,50),(350,50),(342,58),(349,50),(276,66),(324,97),(350,50),(326,63),(295,83),(260,63),(255,59),(286,118),(333,84),(285,118),(257,121),(313,110),(257,134),(280,95),(327,86),(294,107),(280,117),(294,87),(294,103),(294,98),(298,99),(320,104),(291,104),(295,116),(318,106),(284,94),(302,87),(306,92),(291,92),(291,99),(301,110),(306,105),(301,106),(296,103),(301,99),(302,97),(301,100),(302,100),(302,98),(302,100),(301,99),(300,99),(300,100),(301,100),(301,100),(301,95),(297,102),(303,101),(300,92),(294,102),(293,108),
(254,60),(347,53),(250,50),(350,50),(328,64),(350,50),(350,50),(251,50),(336,75),(336,56),(283,73),(251,52),(250,50),(262,139),(340,76),(259,141),(251,136),(303,119),(250,150),(273,101),(337,73),(299,113),(273,124),(298,80),(299,109),(304,107),(311,112),(333,86),(307,118),(289,113),(327,112),(292,85),(307,84),(303,82),(283,85),(279,94),(295,110),(303,100),(300,111),(285,105),(305,96),(305,84),(306,98),(306,96),(308,87),(312,103),(306,93),(288,105),(292,93),(287,90),(288,93),(294,109),(304,94),(293,96),(299,106),(304,97),(303,92),(296,98),(297,104),(296,101),(303,101),(301,95),(295,100),(300,98),(301,103),(303,98),(305,96),(299,90),(291,95),
(250,50),(350,50),(250,50),(346,51),(250,50),(350,50),(347,51),(266,61),(250,50),(250,150),(345,66),(250,150),(250,150),(286,130),(266,111),(346,56),(308,121),(265,132),(307,73),(309,118),(320,123),(333,134),(347,56),(336,140),(280,103),(334,118),(313,70),(313,88),(291,72),(275,77),(268,82),(281,94),(283,81),(292,106),(275,99),(305,92),(297,72),(303,92),(297,86),(300,75),(313,110),(303,85),(276,100),(283,85),(274,79),(274,81),(284,109),(305,93),(284,90),(296,113),(308,91),(301,78),(285,100),(286,118),(283,110),(305,108),(299,88),(279,103),(298,86),(297,93),(293,102),(292,105),(299,109),(304,103),(302,100),(300,100),(299,100),(300,99),(300,100),(301,100),(297,100),(305,102),(295,100),(305,96),(309,98),(292,101),
(350,50),(350,50),(250,50),(349,53),(259,145),(258,126),(350,50),(322,131),(257,141),(321,64),(325,131),(347,147),(350,150),(350,50),(350,150),(268,83),(341,127),(350,50),(323,101),(268,58),(266,68),(256,62),(256,59),(250,50),(278,89),(264,83),(301,85),(275,59),(292,81),(274,67),(277,61),(304,119),(292,74),(263,82),(274,76),(261,65),(260,64),(270,91),(298,100),(275,82),(290,114),(307,83),(288,65),(272,109),(273,132),(269,123),(293,122),(284,102),(264,110),(293,85),(291,88),(282,108),(279,118),(295,126),(305,114),(306,97),(305,106),(311,94),(285,101),(286,87),(288,94),(310,97),(290,94),(304,98),(292,102),(290,100),(303,98),(297,99),(302,98),(301,100),(299,100),(299,99),(301,98),(302,98),(302,99),(295,97),(295,99),(293,101),
(350,50),(250,150),(251,146),(342,145),(250,150),(340,54),(347,148),(350,150),(251,53),(346,138),(335,122),(250,50),(257,58),(250,50),(250,50),(255,58),(252,56),(292,77),(250,50),(271,65),(250,50),(250,50),(285,132),(270,60),(250,50),(265,67),(250,50),(250,50),(251,54),(283,115),(266,73),(283,108),(299,74),(261,53),(259,128),(257,144),(255,142),(263,141),(255,142),(255,123),(282,97),(284,90),(273,115),(265,132),(285,139),(292,127),(303,92),(302,104),(309,84),(272,97),(271,72),(275,82),(313,90),(275,81),(306,92),(278,97),(274,96),(305,91),(289,96),(309,90),(311,100),(306,95),(305,105),(293,105),(292,103),(292,98),(304,101),(303,99),(303,98),(296,101),(294,99),(296,98),(298,99),(300,100),(301,98),(296,101),(304,99),(302,97),
(250,150),(350,150),(350,50),(350,150),(250,50),(350,150),(350,150),(250,50),(250,50),(250,50),(278,67),(250,50),(254,147),(250,50),(257,58),(250,50),(250,50),(260,138),(259,64),(273,94),(284,65),(250,50),(250,150),(250,150),(250,150),(250,150),(250,150),(250,140),(266,121),(276,99),(265,123),(251,147),(270,147),(267,142),(294,83),(292,93),(293,72),(262,86),(257,57),(262,67),(305,80),(260,64),(300,84),(265,81),(262,87),(299,82),(280,90),(305,80),(313,97),(301,87),(305,104),(285,106),(282,101),(281,93),(306,100),(306,97),(306,94),(284,99),(281,97),(282,89),(287,92),(305,100),(286,104),(307,95),(290,100),(294,102),(303,99),(299,96),(297,100),(299,102),(302,100),(304,98),(305,97),(307,107),(292,93),(290,91),
(259,55),(250,150),(250,50),(250,150),(252,54),(262,74),(263,55),(250,150),(250,150),(266,115),(258,132),(250,150),(250,150),(250,150),(279,70),(273,74),(263,56),(255,70),(250,50),(250,50),(286,68),(250,50),(288,74),(252,55),(254,73),(283,70),(272,82),(292,70),(307,89),(287,74),(298,97),(277,102),(273,93),(271,83),(302,95),(303,91),(303,88),(273,90),(270,93),(268,75),(276,82),(305,97),(271,94),(309,88),(278,98),(286,103),(305,92),(296,83),(285,97),(306,87),(290,95),(290,99),(294,105),(294,95),(303,103),(304,103),(301,100),(299,100),(299,98),(302,100),(301,98),(297,99),(297,98),(302,101),(305,100),(305,98),(290,99),
(250,50),(250,50),(250,50),(250,50),(256,136),(253,141),(259,56),(250,50),(250,50),(250,50),(258,54),(271,62),(250,50),(250,56),(261,56),(264,72),(271,59),(295,80),(264,58),(287,86),(270,94),(264,81),(261,70),(294,87),(296,84),(296,80),(263,76),(262,87),(255,58),(265,71),(301,91),(257,70),(305,80),(269,94),(279,100),(295,81),(291,72),(273,89),(317,92),(280,87),(278,92),(295,115),(296,96),(306,104),(305,103),(310,102),(293,111),(304,115),(286,101),(289,105),(316,104),(305,103),(295,98),(291,99),(293,103),(313,102),(300,100),(300,99),(299,99),(299,99),(300,99),(300,95),(295,101),(296,103),(294,87),(297,106),
(250,150),(250,150),(250,50),(250,50),(250,50),(250,50),(250,50),(250,50),(256,61),(250,50),(277,67),(250,50),(270,70),(263,83),(255,63),(252,54),(280,75),(284,74),(283,70),(252,56),(256,79),(250,50),(255,57),(293,84),(250,50),(293,71),(262,86),(272,93),(274,65),(285,64),(262,74),(333,117),(269,77),(265,77),(307,127),(310,111),(299,98),(295,93),(320,108),(297,121),(311,129),(283,107),(276,101),(331,114),(308,104),(294,101),(285,102),(288,109),(331,111),(306,99),(307,90),(293,92),(303,76),(291,100),(298,110),(305,96),(305,94),(302,107),(302,94),(296,99),(297,99),(299,99),(299,99),(296,97),(296,102),
(250,50),(252,51),(250,50),(256,67),(250,50),(250,50),(262,60),(269,63),(266,59),(250,50),(252,69),(250,50),(281,74),(275,61),(256,75),(264,82),(250,50),(276,57),(251,54),(350,150),(259,64),(252,55),(330,140),(337,137),(285,84),(275,74),(330,118),(309,132),(322,139),(293,117),(264,85),(342,128),(304,99),(299,108),(286,108),(291,116),(343,125),(298,89),(305,81),(302,80),(314,60),(283,97),(293,115),(305,89),(313,86),(298,109),(309,83),(293,94),(288,96),(306,105),(312,103),(303,102),(303,97),(304,100),(298,99),(298,100),(300,99),(302,101),(297,101),(305,101),(302,100),(295,95),(296,97),
(250,50),(250,50),(250,50),(250,50),(250,50),(250,58),(266,62),(250,50),(252,62),(257,68),(266,53),(250,50),(250,50),(250,50),(350,150),(350,150),(264,64),(250,50),(339,131),(329,142),(335,146),(313,130),(252,58),(349,145),(295,91),(311,119),(295,116),(301,125),(349,145),(277,71),(296,72),(324,64),(333,51),(274,91),(284,109),(296,79),(321,78),(283,94),(316,74),(299,86),(279,90),(305,104),(324,96),(306,104),(306,92),(304,96),(294,95),(293,99),(294,100),(291,90),(308,93),(290,98),(296,99),(306,104),(303,101),(297,95),(302,101),(302,98),(299,99),(303,98),(296,94),
(250,50),(250,50),(250,50),(250,50),(250,52),(255,50),(250,50),(348,147),(350,150),(350,150),(345,147),(250,50),(350,150),(281,78),(329,133),(311,127),(318,135),(350,150),(250,50),(281,63),(350,50),(350,50),(266,81),(273,94),(279,67),(329,70),(259,63),(325,66),(313,74),(270,81),(297,96),(336,79),(303,101),(304,86),(292,84),(294,90),(300,91),(294,98),(297,77),(317,85),(277,100),(293,95),(317,104),(310,103),(295,85),(309,103),(309,92),(298,86),(291,104),(303,104),(296,100),(297,98),(302,100),(298,100),(299,99),(299,99),(300,100),(296,97),(301,104),(295,98),(295,102),
(250,50),(250,50),(350,150),(350,150),(262,61),(350,150),(334,141),(342,146),(258,53),(258,67),(259,68),(254,52),(337,62),(250,50),(334,58),(336,58),(261,70),(283,82),(348,53),(297,94),(299,79),(266,62),(299,83),(318,75),(299,92),(317,63),(327,75),(267,107),(295,91),(327,96),(318,100),(299,75),(316,102),(316,85),(301,75),(278,114),(311,108),(294,97),(293,93),(306,105),(287,99),(291,97),(312,101),(290,95),(305,108),(297,90),(305,104),(305,97),(296,104),(302,99),(300,96),(301,99),(299,100),(300,100),(300,100),(295,97),
(250,50),(350,150),(350,150),(250,50),(250,50),(250,50),(250,50),(345,55),(345,52),(350,50),(253,55),(262,62),(350,50),(285,83),(290,72),(250,50),(309,75),(347,51),(309,83),(350,50),(337,64),(259,119),(301,84),(338,78),(325,95),(309,66),(323,97),(323,79),(308,66),(265,128),(320,104),(301,89),(294,87),(301,113),(286,95),(283,99),(324,98),(280,96),(302,120),(299,77),(303,114),(309,96),(294,116),(306,101),(303,86),(314,98),(294,102),(310,105),(288,98),(305,104),(297,98),(298,101),(301,99),(300,99),(300,100),(300,99),(300,102),(297,102),(307,100),
(250,50),(350,50),(350,50),(250,50),(250,50),(270,68),(277,64),(324,65),(350,50),(324,70),(347,53),(253,136),(312,75),(348,53),(332,86),(325,58),(330,89),(330,71),(320,58),(252,145),(329,93),(317,75),(300,79),(289,124),(294,86),(276,105),(333,91),(271,103),(286,133),(307,67),(290,126),(307,99),(305,128),(303,106),(309,85),(327,107),(293,106),(319,113),(276,104),(305,113),(288,97),(289,109),(307,98),(306,98),(294,93),(291,105),(296,91),(303,95),(296,100),(298,100),(300,98),(298,99),(297,101),
(250,50),(261,55),(343,53),(344,54),(350,50),(250,150),(326,65),(350,50),(339,73),(347,50),(336,79),(337,64),(337,52),(250,150),(338,76),(341,56),(311,71),(268,138),(311,74),(268,114),(341,79),(262,117),(258,146),(322,58),(267,141),(300,106),(327,141),(293,116),(317,92),(339,126),(296,111),(329,122),(265,119),(295,124),(280,101),(280,118),(314,95),(299,106),(294,87),(282,112),(291,87),(304,92),(294,105),(288,105),(302,85),(309,104),(306,97),(295,98),(301,98),(302,99),(302,99),(297,99),(295,102),
(250,50),(250,50),(350,50),(350,50),(344,53),(346,58),(350,50),(343,66),(344,56),(350,50),(348,52),(350,50),(325,62),(250,150),(336,58),(260,126),(346,64),(254,135),(250,150),(342,51),(250,150),(289,116),(350,150),(277,128),(327,107),(350,150),(301,117),(338,133),(253,141),(277,136),(271,109),(271,126),(320,91),(281,122),(298,79),(274,120),(285,89),(302,93),(300,113),(279,112),(309,85),(320,112),(310,98),(294,99),(293,109),(295,101),(294,102),(305,101),(304,98),(302,98),(300,100),(300,98),(303,103),(303,103),
(350,50),(350,50),(349,50),(350,50),(350,50),(344,52),(350,50),(253,141),(350,50),(250,150),(350,50),(273,130),(256,145),(340,130),(309,124),(347,146),(250,150),(251,149),(263,121),(263,135),(326,85),(252,148),(306,72),(265,129),(277,98),(297,98),(316,126),(270,121),(320,97),(330,123),(308,102),(301,107),(296,120),(293,105),(285,107),(312,105),(305,98),(311,97),(309,106),(299,109),(292,93),(294,95),(302,97),(297,99),(297,100),(298,99),(298,100),(300,97),(302,99),
(350,50),(350,50),(250,150),(253,147),(250,150),(350,150),(321,132),(350,150),(250,150),(254,138),(254,144),(332,78),(250,150),(319,64),(256,140),(268,112),(289,106),(338,142),(261,132),(335,121),(341,136),(300,109),(317,122),(308,131),(296,110),(276,114),(320,111),(300,105),(319,100),(317,112),(301,118),(282,83),(294,96),(305,92),(294,98),(294,102),(293,98),(286,102),(299,112),(296,101),(302,99),(302,98),(299,100),(300,100),
(250,150),(334,140),(250,150),(250,150),(338,70),(336,55),(250,150),(259,130),(278,118),(350,150),(252,145),(350,150),(350,150),(288,119),(340,142),(327,141),(303,118),(268,123),(327,118),(288,116),(327,107),(324,120),(303,126),(273,73),(302,103),(306,87),(293,100),(294,106),(296,102),(275,95),(302,123),(293,104),(309,98),(311,96),(294,106),(293,95),(302,94),(302,98),
(349,149),(343,62),(350,50),(250,150),(265,132),(250,150),(272,132),(350,150),(350,150),(314,126),(261,132),(334,126),(272,130),(334,117),(331,127),(307,132),(264,64),(315,117),(303,81),(296,103),(297,111),(305,111),(265,82),(307,132),(294,108),(316,100),(320,99),(294,113),(295,89),(304,84),(294,100),(301,100),(298,99),(299,100),(300,100),(303,103),
(350,150),(348,52),(250,149),(253,147),(328,136),(253,144),(340,135),(250,149),(341,130),(339,135),(313,138),(255,55),(335,136),(298,76),(300,108),(304,117),(319,124),(255,62),(315,139),(296,112),(322,104),(329,108),(298,120),(305,79),(299,74),(287,99),(305,101),(291,98),(294,106),(303,107),(292,95),(305,99),(297,100),(298,99),(301,100),(300,100),
(350,50),(250,150),(250,150),(345,147),(250,150),(347,145),(250,150),(348,146),(346,144),(320,142),(250,50),(350,150),(291,70),(307,115),(314,125),(339,141),(250,50),(325,144),(301,117),(329,111),(338,122),(307,128),(322,66),(288,65),(279,95),(306,100),(287,99),(293,112),(303,113),(282,96),(316,97),(293,100),(294,97),(307,99),(290,94),(303,98),(298,105),(303,98),(298,100),(300,99),(300,99),(301,98),(304,101),(301,98),(297,100),(302,102),
(350,150),(350,150),(350,150),(350,150),(329,146),(281,64),(318,124),(328,135),(350,150),(339,148),(309,124),(336,121),(347,143),(323,137),(349,50),(268,56),(271,86),(303,96),(289,103),(297,119),(302,120),(270,106),(327,92),(295,97),(293,93),(314,96),(290,86),(312,95),(292,118),(313,93),(291,101),(303,82),(290,104),(293,106),(288,98),(295,103),(305,98),(295,96),(303,103),(303,103),(299,100),(300,99),(298,100),(296,102),(304,97),
(339,148),(267,57),(331,135),(345,147),(350,150),(320,132),(343,134),(350,150),(343,147),(350,50),(250,50),(262,74),(297,90),(296,110),(304,127),(298,126),(259,126),(335,86),(301,90),(296,88),(321,91),(300,75),(320,91),(284,129),(323,87),(285,105),(311,68),(280,112),(286,114),(274,101),(289,108),(313,95),(288,94),(314,112),(306,113),(292,101),(295,101),(303,99),(304,96),(295,102),(299,92),(300,104),(299,102),(298,101),(299,99),(301,100),
(350,150),(250,50),(347,148),(350,150),(335,141),(350,150),(350,150),(254,58),(287,81),(308,120),(317,135),(291,132),(250,150),(342,78),(313,79),(302,81),(328,84),(321,63),(327,86),(274,138),(331,79),(278,110),(322,58),(270,122),(278,122),(263,112),(283,113),(321,89),(281,95),(324,122),(300,124),(285,100),(293,103),(306,100),(305,96),(286,109),(302,84),(302,114),(295,109),(287,109),(291,97),(289,91),(295,97),(297,101),(303,96),(299,104),(303,101),(299,103),(300,100),(299,99),(300,99),(302,100),(305,101),
(250,50),(350,150),(350,150),(250,50),(272,68),(328,135),(336,144),(280,138),(346,67),(332,64),(313,73),(336,74),(350,50),(334,79),(261,146),(339,70),(270,117),(338,51),(260,135),(269,131),(254,133),(276,120),(330,80),(273,102),(336,134),(284,135),(278,96),(294,107),(305,103),(296,105),(276,118),(311,89),(307,124),(291,112),(275,119),(283,97),(277,80),(285,96),(294,105),(314,94),(299,116),(314,109),(302,120),(296,92),(311,106),(295,105),(289,100),(296,99),(302,100),(304,100),(296,98),(303,99),(300,100),(303,98),(305,101),(296,91),(305,97),
(253,52),(350,150),(350,150),(266,144),(349,53),(350,50),(328,62),(344,61),(340,71),(250,150),(346,59),(262,128),(350,50),(250,150),(260,140),(250,150),(269,127),(339,68),(265,113),(348,148),(257,147),(270,88),(299,113),(299,110),(277,124),(265,129),(325,108),(312,133),(284,109),(263,132),(275,100),(264,67),(275,100),(294,111),(326,101),(303,127),(326,120),(309,134),(292,88),(323,116),(293,111),(283,104),(293,102),(309,102),(316,99),(294,92),(315,100),(309,103),(294,105),(295,99),(304,106),(296,102),(302,103),(298,104),(305,96),(304,102),(301,98),(300,99),(300,100),(301,100),(302,98),(292,103),
(250,50),(250,150),(350,50),(350,50),(350,50),(345,61),(350,50),(254,141),(250,149),(261,135),(348,52),(257,131),(350,150),(250,150),(262,76),(308,120),(289,119),(250,150),(254,143),(346,143),(321,140),(276,100),(250,149),(267,107),(251,51),(265,111),(300,118),(338,121),(313,137),(339,135),(322,144),(286,89),(336,131),(296,119),(286,111),(298,108),(317,107),(327,95),(304,80),(326,103),(319,100),(296,115),(295,103),(315,108),(291,109),(310,108),(297,109),(319,98),(318,111),(309,92),(319,99),(293,88),(294,92),(294,105),(306,96),(304,99),(301,100),(299,100),(299,100),(300,100),(301,97),(303,100),(293,96),
(349,51),(250,150),(250,150),(254,144),(350,50),(250,150),(254,60),(320,130),(274,131),(250,150),(350,150),(331,145),(267,85),(250,150),(261,117),(250,50),(256,128),(310,126),(350,150),(327,144),(350,150),(341,149),(279,95),(349,149),(304,126),(298,121),(310,120),(325,113),(336,88),(327,64),(335,110),(329,90),(310,128),(305,115),(328,94),(292,116),(318,106),(302,106),(333,112),(332,125),(317,84),(334,110),(299,75),(295,84),(295,113),(319,87),(316,102),(314,97),(294,103),(295,113),(307,102),(288,105),(296,99),(303,101),(304,101),(304,100),(304,100),(297,101),(297,97),(302,97),(299,100),(298,99),(298,101),(303,98),
(350,50),(250,150),(250,50),(337,141),(254,146),(343,149),(256,64),(255,130),(250,150),(326,136),(347,149),(350,150),(271,107),(350,150),(317,135),(320,134),(331,136),(333,122),(343,78),(350,50),(342,120),(339,73),(337,144),(328,133),(343,65),(299,124),(327,96),(313,95),(347,142),(346,144),(325,76),(345,131),(319,62),(304,74),(304,123),(331,76),(329,113),(313,89),(294,109),(300,125),(310,101),(274,98),(293,100),(306,100),(315,100),(317,95),(319,95),(293,102),(285,87),(306,87),(312,85),(309,101),(305,93),(294,102),(305,96),(297,100),(298,99),(300,100),(298,98),(302,99),(296,99),(292,99),(305,96),(305,98),
(350,150),(250,150),(350,150),(250,50),(250,148),(347,148),(350,150),(261,125),(335,144),(350,150),(350,150),(341,134),(347,65),(347,134),(350,50),(350,150),(350,150),(350,50),(312,133),(337,79),(331,74),(350,150),(350,150),(334,68),(350,150),(350,50),(322,63),(323,136),(341,64),(342,133),(294,74),(302,118),(316,137),(308,97),(259,74),(295,104),(301,94),(327,92),(330,83),(333,79),(299,95),(273,76),(300,76),(326,70),(319,100),(304,85),(295,99),(307,84),(285,98),(286,88),(294,95),(312,105),(294,99),(305,99),(304,101),(295,102),(296,100),(303,95),(295,101),(301,103),(302,98),(301,99),(300,100),(300,100),(302,98),(304,102),(306,102),(294,98),(292,115),
(250,150),(350,150),(250,149),(350,150),(349,148),(350,50),(350,150),(331,142),(348,54),(350,50),(342,58),(349,50),(350,150),(350,50),(350,150),(256,53),(316,129),(343,148),(301,89),(250,50),(302,111),(287,81),(338,74),(344,60),(348,52),(314,81),(261,63),(282,64),(341,57),(328,95),(295,74),(306,88),(290,68),(287,90),(273,76),(295,89),(325,98),(294,95),(303,93),(304,108),(285,102),(293,99),(304,82),(277,100),(301,110),(308,85),(306,93),(311,101),(293,105),(289,101),(290,93),(292,100),(303,100),(302,93),(297,98),(302,98),(300,100),(300,100),(300,99),(301,100),(297,97),(297,101),(303,102),(298,92),(299,111),
(250,150),(350,150),(350,150),(350,50),(350,50),(350,50),(250,50),(337,142),(350,150),(288,78),(313,121),(267,64),(350,50),(350,50),(350,50),(337,60),(250,50),(255,52),(350,50),(336,87),(277,63),(326,70),(254,51),(303,78),(260,62),(302,80),(339,77),(301,87),(292,81),(293,120),(276,96),(296,94),(290,69),(264,87),(289,98),(294,71),(298,82),(303,91),(298,99),(276,94),(278,83),(279,106),(306,98),(299,91),(284,98),(310,97),(306,102),(306,105),(301,86),(286,95),(306,105),(305,96),(295,97),(301,108),(299,91),(302,97),(297,100),(299,99),(298,99),(299,100),(297,101),(305,102),(302,92),(307,102),
(350,150),(270,65),(328,133),(250,50),(350,50),(250,50),(342,75),(252,51),(350,50),(250,50),(332,60),(250,50),(317,69),(350,50),(315,75),(270,64),(270,137),(266,84),(304,86),(262,54),(253,63),(265,70),(263,55),(279,67),(278,70),(314,84),(262,77),(267,72),(266,120),(304,94),(283,108),(271,109),(304,105),(304,98),(301,100),(298,75),(272,104),(299,98),(307,95),(287,97),(297,112),(294,75),(306,90),(285,103),(291,93),(278,92),(307,93),(305,97),(291,92),(293,111),(294,97),(297,98),(300,99),(300,100),(296,99),(303,102),
(250,50),(346,147),(347,61),(250,50),(350,50),(336,57),(335,60),(250,50),(250,150),(257,68),(317,75),(250,50),(250,50),(250,50),(250,50),(250,50),(250,50),(337,61),(250,52),(258,61),(254,140),(298,87),(256,141),(258,129),(286,121),(296,90),(287,86),(291,66),(258,127),(278,77),(303,100),(279,100),(289,106),(287,64),(302,82),(275,107),(284,86),(263,80),(308,86),(303,101),(293,82),(282,126),(283,91),(290,94),(309,98),(291,99),(312,99),(296,98),(304,96),(303,99),(303,98),(301,98),(301,101),(298,100),(300,95),(295,100),(295,99),
(350,150),(350,50),(350,50),(350,50),(250,50),(335,60),(250,50),(350,50),(250,50),(250,50),(250,150),(287,78),(250,150),(250,150),(256,144),(282,77),(265,64),(281,59),(250,150),(250,50),(293,110),(272,107),(276,89),(276,56),(292,72),(267,113),(277,79),(254,64),(303,78),(290,114),(309,69),(268,138),(273,84),(283,95),(311,100),(282,103),(325,95),(289,97),(305,94),(306,99),(305,100),(306,98),(306,110),(289,106),(297,115),(310,99),(305,99),(295,97),(300,100),(294,103),(296,99),(306,97),(295,103),
(350,50),(273,67),(250,150),(263,61),(250,50),(269,54),(279,123),(265,117),(259,64),(263,51),(276,63),(260,120),(270,73),(250,50),(292,70),(269,132),(337,55),(253,148),(265,76),(276,99),(306,107),(274,110),(335,89),(283,98),(296,103),(303,104),(299,107),(300,105),(299,120),(281,113),(291,130),(324,98),(304,93),(286,91),(308,103),(305,93),(305,101),(295,104),(304,97),(302,100),(298,98),(299,100),(299,99),(300,99),(298,99),(297,100),
(255,53),(250,50),(253,50),(259,141),(258,129),(250,50),(250,50),(254,52),(255,129),(264,66),(276,61),(250,150),(350,50),(250,150),(258,67),(269,107),(294,117),(266,120),(342,80),(277,102),(277,122),(294,113),(284,121),(284,119),(283,132),(273,120),(280,141),(338,99),(291,81),(277,85),(308,101),(304,82),(314,107),(295,113),(313,97),(313,104),(293,94),(294,103),(290,92),(294,115),(311,108),(309,100),(305,97),(296,96),(296,103),(297,103),(300,99),(300,100),(298,101),(301,100),(296,101),(304,97),(303,103),(303,101),(305,102),(294,98),
(250,50),(250,50),(250,150),(251,146),(250,50),(252,139),(256,58),(252,50),(252,55),(262,120),(273,133),(257,135),(347,68),(270,110),(250,150),(277,127),(257,143),(257,143),(254,147),(266,128),(263,148),(350,100.01),(266,61),(269,76),(301,93),(290,69),(325,115),(307,126),(324,103),(323,110),(302,103),(294,108),(280,95),(286,129),(324,120),(321,102),(309,97),(284,93),(293,113),(294,115),(306,93),(289,95),(305,93),(293,99),(305,99),(292,106),(294,95),(294,98),(294,96),(306,102),(301,104),(298,101),(300,100),(299,99),(303,99),(306,97),(295,103),(307,96),
(250,150),(250,150),(250,50),(250,50),(250,50),(254,137),(250,150),(250,150),(349,52),(263,120),(253,147),(250,150),(250,150),(250,150),(258,136),(250,150),(250,50),(261,67),(284,78),(262,55),(335,128),(334,142),(334,116),(332,118),(327,127),(298,115),(267,110),(273,140),(337,133),(330,107),(304,105),(273,101),(301,124),(304,128),(299,82),(278,98),(303,82),(285,102),(304,104),(280,116),(284,94),(284,101),(283,89),(319,110),(308,120),(290,107),(308,112),(316,102),(288,105),(294,101),(305,96),(294,100),(297,100),(304,101),(301,98),(301,99),(298,100),(300,100),(299,99),(299,100),(300,99),(301,101),(302,98),(296,98),(296,102),(294,101),(306,104),(306,100),(308,104),(292,102),(310,94),
(250,150),(350,50),(255,136),(250,150),(251,147),(253,56),(255,54),(250,50),(347,145),(350,150),(346,140),(341,129),(350,150),(310,125),(252,142),(255,148),(349,149),(339,114),(285,121),(259,124),(322,138),(331,142),(276,65),(266,112),(287,69),(277,108),(291,117),(268,128),(273,102),(273,110),(273,81),(334,126),(319,133),(279,104),(319,124),(332,92),(293,118),(298,93),(315,96),(298,93),(287,100),(319,99),(308,88),(311,89),(290,102),(305,101),(306,101),(305,96),(291,104),(295,84),(287,101),(311,100),(305,93),(309,95),(289,92),(290,98),(294,93),(305,95),(293,102),(304,99),(302,100),(301,100),(299,101),(300,99),(299,99),(299,99),(297,101),(297,97),(292,100),(311,94),(309,90),
(250,150),(250,150),(250,50),(250,50),(350,150),(350,150),(347,141),(328,137),(250,150),(250,150),(350,150),(345,124),(253,147),(250,150),(350,150),(350,150),(250,50),(254,138),(258,54),(268,118),(265,138),(256,141),(262,118),(262,125),(264,71),(348,147),(333,144),(268,89),(331,135),(344,67),(319,135),(321,73),(326,104),(320,73),(277,94),(334,82),(302,77),(297,74),(300,91),(305,98),(302,96),(304,90),(294,100),(307,68),(271,90),(326,90),(304,83),(323,84),(274,79),(277,94),(298,79),(303,85),(278,101),(323,96),(311,105),(312,100),(299,111),(293,112),(308,110),(305,107),(307,95),(305,103),(310,100),(294,101),(295,104),(296,95),(301,101),(299,102),(297,101),(306,103),(310,96),(307,97),
(350,150),(350,150),(349,138),(250,150),(250,150),(250,50),(258,132),(250,150),(250,150),(251,145),(250,148),(255,59),(350,150),(350,150),(254,62),(344,146),(350,50),(350,150),(350,50),(337,120),(350,50),(267,82),(349,50),(283,64),(255,52),(331,65),(299,91),(287,82),(296,81),(307,86),(340,52),(254,61),(341,67),(293,72),(339,66),(260,63),(266,87),(321,63),(287,71),(265,90),(337,87),(321,113),(323,93),(313,98),(303,126),(321,103),(312,109),(318,86),(313,105),(325,104),(298,93),(296,103),(296,79),(316,105),(307,85),(310,91),(295,96),(294,100),(296,100),(300,95),(297,100),(300,101),(296,98),(299,92),(293,104),(294,99),(300,89),(304,98),
(350,150),(250,149),(250,150),(250,150),(250,50),(250,50),(350,150),(347,143),(257,66),(350,50),(254,51),(250,50),(350,50),(289,81),(264,62),(282,70),(331,66),(350,50),(250,50),(350,50),(274,61),(350,50),(250,50),(258,78),(350,50),(258,54),(256,71),(346,73),(331,123),(334,80),(339,64),(325,140),(336,80),(320,104),(327,77),(321,101),(336,111),(321,73),(312,87),(316,64),(331,91),(317,72),(321,82),(294,88),(296,93),(293,98),(297,80),(282,96),(296,77),(307,103),(298,113),(306,91),(305,98),(298,108),(296,101),(302,101),(295,96),(301,93),(300,99),(299,100),(301,98),(303,102),(295,93),
(250,150),(350,150),(250,50),(250,50),(274,69),(250,50),(263,57),(350,50),(250,50),(253,68),(250,50),(250,50),(349,56),(340,134),(344,62),(350,50),(350,150),(350,50),(328,94),(337,67),(329,94),(344,123),(350,50),(340,59),(350,50),(345,62),(328,62),(331,71),(299,79),(311,79),(298,91),(292,69),(268,82),(285,61),(308,101),(290,112),(303,78),(303,91),(294,115),(293,99),(306,101),(281,85),(298,75),(306,101),(286,106),(293,103),(290,96),(304,107),(302,97),(300,99),(298,99),(299,99),(299,99),(300,99),(300,98),(298,100),(299,94),(304,103),(294,108),
(255,54),(250,50),(250,55),(350,50),(348,148),(350,50),(337,78),(346,55),(336,82),(348,137),(350,50),(350,50),(341,53),(341,59),(311,69),(339,57),(309,81),(285,60),(254,59),(267,52),(302,94),(274,91),(285,65),(288,77),(286,111),(297,94),(304,98),(267,72),(285,61),(298,111),(272,96),(285,109),(278,100),(300,105),(306,88),(305,99),(278,92),(290,93),(306,104),(292,100),(292,107),(307,98),(300,112),(292,92),(302,91),(302,95),(297,99),(302,97),(300,99),(300,98),(298,100),(300,103),(297,98),(302,95),(296,102),(305,102),
(250,50),(250,50),(350,150),(346,58),(350,50),(343,68),(350,150),(350,50),(350,50),(327,60),(350,50),(325,68),(275,54),(250,50),(250,50),(289,82),(253,56),(255,51),(264,59),(276,97),(305,86),(298,91),(255,57),(266,53),(279,127),(258,73),(278,116),(267,112),(287,91),(303,79),(305,102),(264,81),(281,85),(297,95),(284,98),(283,107),(316,94),(296,125),(280,82),(300,77),(302,91),(289,96),(306,87),(289,108),(292,108),(305,99),(297,84),(304,103),(292,110),(304,96),(292,95),(300,100),(301,99),(302,99),(297,102),(295,98),(307,99),(292,103),
(350,50),(349,50),(350,50),(347,52),(263,51),(269,66),(250,50),(250,50),(250,50),(262,75),(318,75),(286,81),(250,50),(250,50),(250,150),(250,50),(271,123),(256,133),(263,65),(293,69),(300,108),(255,66),(272,77),(275,74),(276,93),(274,98),(324,87),(288,136),(270,71),(289,65),(291,102),(281,91),(298,75),(279,118),(281,106),(305,103),(291,69),(307,104),(280,124),(312,94),(278,84),(290,96),(289,102),(284,100),(305,92),(305,101),(286,98),(307,94),(296,97),(303,102),
(350,50),(350,50),(250,50),(250,50),(250,50),(334,62),(272,69),(264,131),(250,150),(250,50),(277,60),(292,116),(250,50),(264,68),(250,50),(269,85),(264,82),(332,78),(277,143),(260,61),(269,55),(272,123),(274,85),(281,64),(269,128),(271,93),(300,109),(281,59),(307,103),(268,135),(319,96),(266,72),(282,91),(279,98),(270,94),(304,83),(303,95),(271,92),(308,85),(293,95),(313,110),
(350,50),(256,55),(258,138),(258,52),(281,125),(256,59),(263,76),(255,63),(339,68),(264,147),(251,52),(250,50),(250,150),(267,77),(258,53),(260,137),(260,73),(292,117),(270,53),(303,99),(256,145),(325,100),(255,58),(276,87),(269,88),(260,83),(296,73),(292,84),(261,84),(299,75),(299,101),(322,119),
(250,50),(252,146),(250,50),(268,135),(250,50),(257,65),(250,50),(346,57),(250,150),(250,50),(261,69),(250,50),(252,147),(250,50),(280,127),(257,50),(298,94),(250,150),(330,106),(250,50),(270,82),(261,74),(254,68),(282,64),(273,69),(254,73),(282,64),(311,113),(330,127),
(250,150),(254,146),(250,50),(251,54),(350,50),(255,60),(250,150),(265,138),(250,50),(291,87),(335,114),(265,77),(252,57),(250,50),(264,55),(250,50),(251,61),(258,53),(328,129),(338,136),
(250,150),(250,50),(250,51),(251,149),(283,80),(339,122),(261,72),(250,50),(250,50),(250,50),(250,50),(347,147),(345,143),
(250,50),(250,150),(275,73),(343,130),(258,68),(350,150),(350,150),
(267,65),(346,139),(256,64),
(258,58),(349,148),(254,60),
(250,50),(350,150),(252,55),
(250,51),
(250,50),

























































