0,0,0,0,0,0
0,0,0,0,0,0
0,0,0,0,0,0
0,0,0,0,0,0
0,0,0,0,0,0
0,0,0,0,0,0
0,0,0,0,0,0
0,0,0,0,0,0
0,0,0,0,0,0
0,0,0,0,0,0
0,0,0,0,0,0
0,0,0,0,0,0
0,0,0,0,0,0
0,0,0,0,0,0
0,0,0,0,0,0
0,0,0,0,0,0
0,0,0,0,0,0
0,0,0,0,0,0
0,0,0,0,0,0
0,0,0,0,0,0
0,0,0,0,0,0
0,0,0,0,0,0
0,0,0,0,0,0
0,0,0,0,0,0
0,0,0,0,0,0
0,0,0,0,0,0
0,0,0,0,0,0
0,0,0,0,0,0
0,0,0,0,0,0
0,0,0,0,0,0
0,0,0,0,0,0
0,0,0,0,0,0
0,0,0,0,0,0
0,0,0,0,0,0
0,0,0,0,0,0
0,0,0,0,0,0
0,0,0,0,0,0
0,0,0,0,0,0
0,0,0,0,0,0
0,0,0,0,0,0
0,0,0,0,0,0
0,0,0,0,0,0
0,0,0,0,0,0
0,0,0,0,0,0
0,0,0,0,0,0
0,0,0,0,0,0
0,0,0,0,0,0
0,0,0,0,0,0
0,0,0,0,0,0
0,0,0,0,0,0
0,0,0,0,0,0
0,0,0,0,0,0
0,0,0,0,0,0
0,0,0,0,0,0
0,0,0,0,0,0
0,0,0,0,0,0
0,0,0,0,0,0
0,0,0,0,0,0
0,0,0,0,0,0
0,0,0,0,0,0
0,0,0,0,0,0
0,0,0,0,0,0
0,0,0,0,0,0
0,0,0,0,0,0
0,0,0,0,0,0
0,0,0,0,0,0
0,0,0,0,0,0
0,0,0,0,0,0
0,0,0,0,0,0
0,0,0,0,0,0
0,0,0,0,0,0
0,0,0,0,0,0
0,0,0,0,0,0
0,0,0,0,0,0
0,0,0,0,0,0
0,0,0,0,0,0
0,0,0,0,0,0
0,0,0,0,0,0
0,0,0,0,0,0
0,0,0,0,0,0
0,0,0,0,0,0
0,0,0,0,0,0
0,0,0,0,0,0
0,0,0,0,0,0
0,0,0,0,0,0
0,0,0,0,0,0
0,0,0,0,0,0
0,0,0,0,0,0
0,0,0,0,0,0
0,0,0,0,0,0
0,0,0,0,0,0
0,0,0,0,0,0
0,0,0,0,0,0
0,0,0,0,0,0
0,0,0,0,0,0
0,0,0,0,0,0
0,0,0,0,0,0
0,0,0,0,0,0
0,0,0,0,0,0
0,0,0,0,0,0
0,0,0,0,0,0
0,0,0,0,0,0
0,0,0,0,0,0
0,0,0,0,0,0
0,0,0,0,0,0
0,0,0,0,0,0
0,0,0,0,0,0
0,0,0,0,0,0
0,0,0,0,0,0
0,0,0,0,0,0
0,0,0,0,0,0
0,0,0,0,0,0
0,0,0,0,0,0
0,0,0,0,0,0
0,0,0,0,0,0
0,0,0,0,0,0
0,0,0,0,0,0
0,0,0,0,0,0
0,0,0,0,0,0
0,0,0,0,0,0
0,0,0,0,0,0
0,0,0,0,0,0
0,0,0,0,0,0
0,0,0,0,0,0
0,0,0,0,0,0
0,0,0,0,0,0
0,0,0,0,0,0
0,0,0,0,0,0
0,0,0,0,0,0
0,1,0,0,2,0
0,2,0,0,3,0
0,3,0,1,3,0
0,6,0,1,3,0
0,7,0,1,3,0
0,10,1,1,5,0
0,14,1,3,5,0
0,15,1,3,6,1
1,18,1,4,9,1
1,20,1,4,11,2
2,22,1,5,13,2
3,22,2,6,14,2
3,23,2,7,13,4
4,25,2,8,12,4
4,25,2,8,14,5
4,25,3,8,17,6
4,24,4,8,18,6
4,22,3,8,17,6
0,0,0,0,0,0
0,0,0,0,0,0
0,0,0,0,0,0
0,0,0,0,0,0
0,0,0,0,0,0
0,0,0,0,0,0
0,0,0,0,0,0
0,0,0,0,0,0
0,1,0,0,0,0
0,1,0,0,1,0
0,4,1,0,1,0
0,4,2,1,1,0
0,4,3,1,2,0
0,4,3,1,3,0
0,5,4,2,4,1
0,6,4,2,4,1
0,6,6,2,5,2
0,9,6,3,7,2
0,10,7,6,8,3
0,11,7,8,10,3
0,11,7,10,11,5
0,11,7,10,11,5
0,11,9,11,12,5
0,11,8,12,12,6
0,9,10,11,12,7
0,10,12,14,13,9
0,11,12,16,15,11
0,11,12,15,20,13
0,10,12,15,19,12
0,12,12,15,20,11
0,9,12,14,21,11
0,13,13,11,22,11
0,14,13,9,20,11
0,15,13,7,23,10
0,18,13,8,23,10
0,18,11,9,22,10
1,17,12,7,23,10
1,17,9,7,25,9
2,18,6,5,28,8
2,20,6,3,26,7
2,21,5,4,21,5
3,21,5,5,24,6
3,22,3,5,23,6
4,23,3,5,22,6
4,19,2,5,22,6
5,18,2,6,25,5
6,18,4,6,23,5
6,15,4,5,25,5
6,16,5,5,27,5
6,18,4,7,26,4
6,22,4,8,26,4
8,19,4,7,25,3
8,19,5,7,26,5
8,18,5,7,24,4
7,18,6,7,22,4
8,19,6,7,23,4
7,20,7,8,24,4
6,20,7,8,23,5
6,20,6,8,23,5
5,19,6,8,23,5
6,19,6,9,22,6
6,17,5,8,21,7
5,15,5,6,21,7
4,11,7,6,21,8
2,11,7,6,19,8
3,12,6,7,20,5
4,13,6,5,19,5
4,14,5,5,24,6
3,13,4,5,27,7
4,12,3,4,25,7
4,12,4,4,27,7
4,13,4,4,26,7
6,14,3,4,26,7
5,14,3,3,26,6
5,16,3,3,26,5
5,19,3,4,26,5
5,21,2,5,24,4
5,20,3,4,23,4
4,18,3,4,23,4
3,17,4,4,24,4
3,18,5,4,18,5
3,16,6,6,14,6
2,16,5,6,14,5
2,18,5,6,15,6
3,17,9,5,15,6
2,17,11,5,15,8
5,17,13,5,13,9
5,14,12,4,13,10
6,15,12,3,13,12
7,17,12,3,15,12
7,19,13,3,17,13
7,19,12,4,16,14
8,22,14,3,17,11
8,20,14,4,17,10
9,22,14,4,19,9
9,20,11,4,14,11
8,25,9,5,14,11
8,26,8,5,16,8
6,27,9,5,18,8
6,24,9,5,17,7
6,23,9,8,19,7
7,24,7,9,15,10
8,21,7,9,14,10
8,19,4,8,15,11
9,18,4,7,18,13
10,17,4,8,19,14
10,17,5,8,17,13
0,0,0,0,0,0
0,0,0,0,0,0
0,0,0,0,0,0
0,0,0,0,0,0
0,0,0,0,0,0
0,0,0,0,0,0
0,0,0,0,0,0
0,0,0,0,0,0
0,1,0,0,1,0
0,2,0,0,1,0
0,4,0,0,2,0
0,5,2,1,2,0
0,5,2,1,2,0
0,6,3,1,4,0
1,7,3,2,4,0
1,7,3,2,6,0
1,7,4,3,8,2
2,7,7,3,11,3
3,8,7,4,12,4
3,9,8,4,13,4
3,12,10,4,15,4
3,13,10,4,16,4
5,13,10,4,18,6
6,13,11,4,18,6
6,12,11,4,22,6
6,13,11,4,22,6
7,13,11,5,23,7
6,12,12,4,23,7
0,0,0,0,0,0
0,0,0,0,0,0
0,0,0,0,0,0
0,0,0,0,0,0
0,0,0,0,0,0
0,0,0,0,0,0
0,0,0,0,0,0
0,0,0,0,0,0
0,0,0,0,0,0
0,2,0,0,0,0
0,2,0,0,0,0
0,3,0,0,1,0
0,4,0,1,1,0
0,5,1,1,3,1
0,5,2,2,5,2
0,7,2,3,5,2
0,9,4,5,5,2
0,10,5,5,7,5
0,10,5,5,7,5
0,10,7,6,9,5
0,10,8,7,10,6
0,12,8,8,11,7
0,13,9,9,11,7
0,11,9,10,12,8
0,11,10,12,13,9
0,11,10,14,15,10
0,10,14,14,15,11
0,10,14,14,15,10
0,9,15,12,13,10
0,8,15,12,14,10
0,8,13,12,14,13
0,7,14,13,15,12
0,7,13,13,17,13
0,8,12,12,17,15
0,7,13,10,16,14
0,5,12,11,20,14
0,6,15,10,21,14
0,7,15,9,21,13
0,0,0,0,0,0
0,0,0,0,0,0
0,0,0,0,0,0
0,0,0,0,0,0
0,0,0,0,0,0
0,0,0,0,0,0
0,0,0,0,0,0
0,0,0,0,0,0
0,0,0,0,0,0
0,1,0,0,1,0
0,2,0,0,1,0
0,3,1,0,1,0
0,4,1,1,2,0
0,5,4,1,2,0
0,6,4,2,4,1
0,6,5,3,5,2
0,7,5,3,7,3
0,8,6,3,8,3
0,10,7,3,9,4
0,10,7,5,12,4
0,11,7,10,12,5
0,12,8,11,12,5
0,12,10,11,12,6
0,12,11,13,11,7
0,11,12,13,12,8
0,9,13,14,14,9
0,8,13,14,14,10
0,9,11,14,16,14
0,9,12,13,15,14
0,9,13,12,14,14
0,10,13,13,13,14
0,8,14,14,15,15
0,7,15,14,15,14
0,8,15,11,15,14
0,8,14,8,15,14
0,7,14,9,18,13
0,6,17,8,20,13
0,7,16,7,20,13
0,10,13,6,22,12
0,11,15,7,22,14
0,11,14,7,21,12
0,10,13,10,23,11
0,10,12,10,21,11
0,9,11,11,24,11
0,9,10,11,21,11
0,10,11,11,19,12
0,11,11,12,18,12
0,10,11,11,17,12
0,11,7,13,15,14
0,10,9,14,14,14
0,9,11,14,12,13
0,11,11,12,11,11
0,12,14,11,12,12
1,14,15,9,12,12
1,17,15,9,11,10
2,19,15,8,14,10
2,20,14,6,15,10
3,19,15,5,16,10
4,18,16,5,17,10
5,18,17,4,19,9
6,18,16,2,19,7
6,18,15,1,21,7
6,17,13,1,20,7
6,16,12,1,19,7
6,14,11,2,18,5
5,12,9,2,20,5
6,11,9,3,22,5
6,11,9,2,21,5
7,11,9,4,22,4
8,14,9,5,23,4
8,15,9,5,22,5
7,14,8,5,20,5
6,16,7,5,22,4
8,18,7,5,20,4
8,17,8,6,20,4
9,16,7,7,21,3
9,16,5,7,21,4
9,17,6,7,18,3
8,18,7,7,16,4
8,18,7,7,14,5
8,17,7,5,13,5
5,14,6,5,14,6
4,13,5,5,14,6
5,17,7,6,14,7
5,16,7,8,15,7
5,15,9,8,17,8
4,15,9,8,21,8
4,18,9,8,23,7
4,19,9,7,22,7
4,14,9,8,22,4
5,14,9,9,22,6
6,16,9,9,24,7
7,15,11,9,23,7
6,16,10,10,23,10
8,14,10,9,22,10
6,15,7,7,21,10
6,17,8,6,19,12
7,18,8,8,16,12
8,18,8,7,16,12
10,18,8,9,15,12
10,19,7,8,16,12
9,21,7,7,15,11
8,21,7,8,14,10
8,23,8,9,18,9
8,20,9,8,19,6
6,22,9,8,19,7
7,26,9,8,18,6
7,26,9,9,17,5
6,24,9,8,16,5
6,24,10,8,15,6
5,23,10,6,15,7
5,21,10,6,16,8
7,20,10,7,17,9
9,19,10,6,14,9
8,20,8,5,13,9
9,20,8,5,14,9
9,19,10,5,17,8
9,18,11,5,18,7
10,17,10,3,17,9
8,19,11,4,20,8
10,22,10,4,22,8
11,23,10,7,22,6
10,22,9,8,20,5
9,22,9,7,20,5
10,19,9,8,20,4
10,17,10,7,18,4
11,15,8,7,17,4
10,14,6,7,16,6
10,17,7,8,16,6
10,16,9,8,15,6
10,16,9,9,12,6
8,15,10,6,12,7
9,17,11,6,11,7
7,20,11,6,10,7
6,23,10,5,9,7
7,24,9,6,10,8
7,25,10,6,9,9
6,25,10,6,8,11
6,27,10,6,8,10
5,24,9,6,8,10
5,22,8,5,7,9
5,19,7,7,10,9
6,19,6,6,11,9
6,21,5,7,11,8
5,21,6,5,11,9
5,18,6,5,12,9
5,15,6,5,11,8
3,14,6,4,10,7
4,17,4,4,10,6
4,18,4,4,9,3
5,19,4,3,11,4
5,20,5,3,14,3
5,23,5,3,12,3
4,26,6,3,12,3
3,23,7,2,13,3
3,23,5,3,13,3
3,24,6,3,12,4
3,26,7,4,15,4
4,25,7,4,18,4
5,21,8,5,21,5
5,22,9,6,21,5
5,20,8,7,19,4
5,20,8,5,24,5
5,20,9,7,25,6
5,18,9,7,23,5
7,17,8,7,23,4
8,18,8,6,23,3
9,17,9,7,21,3
9,18,8,7,18,3
7,17,9,9,16,3
7,18,7,8,14,2
8,15,7,8,13,4
10,14,7,8,11,5
11,15,5,6,8,3
12,13,7,7,10,3
10,13,9,9,11,3
0,0,0,0,0,0
0,0,0,0,0,0
0,0,0,0,0,0
0,0,0,0,0,0
0,0,0,0,0,0
0,0,0,0,0,0
0,0,0,0,0,0
0,0,0,0,0,0
0,1,0,0,1,0
0,1,0,0,1,0
0,3,2,0,1,0
0,4,2,0,1,0
0,4,3,0,1,0
0,5,3,1,2,1
0,7,3,2,3,2
0,7,4,3,4,2
0,9,4,5,6,2
0,9,4,5,9,4
0,10,4,5,9,5
0,11,5,7,11,5
0,11,6,9,11,5
0,11,6,11,12,5
0,10,8,11,13,6
0,11,10,11,12,8
0,10,9,15,13,9
0,10,12,16,14,11
0,11,13,15,15,12
0,10,14,15,14,11
0,8,14,14,14,12
0,8,15,12,14,13
0,8,17,11,14,13
0,8,18,11,14,10
0,8,18,13,14,11
0,8,16,10,15,12
0,8,16,10,16,14
0,8,16,9,18,14
0,8,13,10,20,15
0,7,14,6,20,14
0,7,15,6,20,15
0,7,12,7,21,13
0,8,10,7,20,13
0,8,10,8,23,12
0,8,8,9,26,13
0,8,7,10,23,13
0,9,8,13,20,13
0,9,9,12,19,13
0,9,10,13,19,13
0,12,11,11,17,13
0,12,11,11,14,13
1,12,12,10,15,12
1,14,11,11,17,12
4,14,11,10,16,11
6,16,11,12,16,10
6,16,11,11,16,9
6,21,11,10,14,8
6,21,11,6,14,6
6,21,9,7,15,8
6,21,8,6,16,9
7,20,8,5,20,9
8,19,9,5,19,8
9,19,8,7,20,7
9,19,4,6,17,7
10,17,5,8,18,5
8,16,5,8,15,5
6,12,6,7,16,6
6,16,6,8,14,6
6,13,6,9,16,6
7,13,5,9,19,8
7,13,7,9,20,6
7,14,8,10,21,7
7,16,7,11,19,5
6,14,8,11,18,4
5,15,7,10,18,4
4,14,7,10,18,4
4,15,6,10,16,6
3,17,6,9,17,6
2,17,5,9,19,8
2,18,5,7,19,7
3,15,5,7,18,8
3,16,5,6,13,7
3,15,7,5,14,6
3,14,8,4,12,7
4,12,7,5,12,7
3,14,5,6,13,9
4,15,7,6,13,10
4,15,8,6,18,8
4,15,9,6,21,9
5,20,11,6,21,7
7,21,11,6,20,8
6,22,14,7,21,8
7,20,13,7,22,8
8,22,11,7,19,8
8,24,11,8,20,9
7,24,11,6,21,11
7,21,10,5,22,10
6,24,9,5,21,9
6,26,8,4,18,9
6,26,8,3,18,9
5,23,6,3,17,10
6,23,7,3,18,9
6,24,4,2,19,8
5,25,7,2,19,8
6,22,7,2,22,7
9,19,6,2,23,6
10,22,6,2,21,5
10,21,6,4,19,4
10,21,6,4,17,5
10,19,6,4,19,10
11,21,7,4,19,9
14,22,8,4,18,10
12,20,7,5,18,10
12,22,7,5,17,10
12,22,4,5,19,10
9,26,3,6,18,11
6,28,3,7,18,10
0,0,0,0,0,0
0,0,0,0,0,0
0,0,0,0,0,0
0,0,0,0,0,0
0,0,0,0,0,0
0,0,0,0,0,0
0,0,0,0,0,0
0,0,0,0,0,0
0,0,0,0,0,0
0,1,0,0,1,0
0,3,0,0,1,0
0,4,0,0,1,0
0,5,0,0,3,1
0,5,1,1,3,1
0,6,3,2,3,2
0,7,3,3,3,2
0,8,4,3,3,4
0,9,5,4,6,4
0,10,5,6,8,5
0,11,7,6,10,5
0,11,7,8,11,5
0,11,7,9,11,6
0,13,9,10,11,6
0,12,9,12,11,8
0,11,10,12,13,9
0,11,13,14,13,10
0,10,14,13,13,10
0,9,14,15,15,11
0,8,14,15,15,10
0,8,15,15,16,11
0,7,16,15,14,13
0,8,17,13,14,13
0,8,17,12,14,13
0,7,16,12,15,16
0,7,16,10,18,15
0,7,15,10,21,16
0,5,15,9,21,15
0,6,17,9,20,14
0,6,14,9,20,14
0,7,15,8,20,14
0,8,13,7,22,14
0,9,13,6,24,14
0,10,13,7,24,15
0,9,11,6,23,12
0,8,9,7,22,13
0,7,9,9,21,12
0,9,9,9,19,12
0,11,10,13,18,10
0,11,13,11,14,11
0,13,13,12,14,9
0,11,12,11,13,11
0,10,12,12,15,12
0,11,12,12,13,13
0,10,15,14,10,15
0,10,16,16,9,16
0,10,17,15,10,15
0,11,16,17,10,14
0,12,18,14,11,15
0,14,20,14,11,15
0,14,19,13,10,16
0,12,21,11,9,17
0,12,18,11,7,16
0,0,0,0,0,0
0,0,0,0,0,0
0,0,0,0,0,0
0,0,0,0,0,0
0,0,0,0,0,0
0,0,0,0,0,0
0,0,0,0,0,0
0,1,0,0,0,0
0,1,0,0,0,0
0,1,0,0,0,0
0,1,1,0,1,0
0,1,3,0,2,0
0,3,3,1,2,0
0,3,3,1,4,0
0,5,4,2,5,0
0,8,4,3,5,0
0,9,4,3,6,2
0,10,5,4,7,3
0,10,6,5,9,5
0,11,6,6,11,5
0,12,7,8,12,5
0,11,8,8,12,6
0,11,9,9,13,7
0,11,10,11,15,8
0,11,7,13,13,9
0,11,7,14,14,9
0,11,13,15,14,10
0,9,12,15,12,13
0,7,15,14,13,15
0,6,15,14,13,13
0,8,14,15,11,11
0,7,14,14,11,11
0,9,14,11,10,12
0,13,14,12,11,11
0,15,16,11,11,10
3,18,16,9,13,9
3,18,16,7,13,8
3,18,14,7,12,7
3,23,11,6,15,6
3,25,9,7,15,5
4,26,8,5,18,4
4,26,10,5,18,4
4,25,12,4,20,4
4,24,11,4,18,4
4,20,11,4,20,3
4,21,11,3,25,3
4,21,9,3,24,3
2,20,9,4,21,3
2,21,10,4,23,4
2,17,9,3,24,4
2,17,9,2,24,3
2,15,11,2,23,3
1,15,11,3,24,3
2,15,11,3,25,6
4,17,11,3,25,5
5,19,11,3,24,6
5,16,12,4,20,7
6,16,11,4,18,7
5,17,13,4,18,8
6,17,14,4,17,8
6,15,14,4,18,8
6,14,14,4,16,8
6,15,14,3,16,7
6,17,12,6,15,7
6,19,11,5,14,7
7,19,10,5,15,4
6,20,8,5,14,4
4,21,9,7,16,7
4,21,9,6,15,5
4,20,9,6,16,5
4,18,8,6,16,4
3,17,6,5,17,7
5,17,5,5,15,6
6,20,7,6,15,6
7,18,8,7,13,7
7,16,8,6,14,9
7,17,8,5,14,9
5,16,8,6,14,10
6,14,8,6,14,10
6,13,8,4,14,7
7,13,6,5,18,7
7,16,5,5,20,9
8,18,5,6,21,6
8,17,5,6,20,6
7,17,4,5,22,8
7,18,4,5,27,8
8,21,5,5,27,7
8,18,5,5,28,7
9,19,4,5,28,6
9,17,4,5,28,7
9,16,4,6,26,10
8,18,4,5,22,11
7,17,6,6,23,10
7,16,5,5,24,11
7,18,5,6,26,11
9,15,4,7,25,9
7,14,3,7,20,8
8,11,4,6,22,10
10,14,4,6,20,12
0,0,0,0,0,0
0,0,0,0,0,0
0,0,0,0,0,0
0,0,0,0,0,0
0,0,0,0,0,0
0,0,0,0,0,0
0,0,0,0,0,0
0,0,0,0,0,0
0,0,0,0,0,0
0,0,0,0,0,0
0,1,0,0,0,0
0,1,0,1,0,0
0,2,0,1,0,0
0,2,1,4,4,0
0,3,1,4,4,0
0,6,2,5,5,0
0,8,4,6,7,2
0,9,4,6,7,2
0,10,4,7,8,3
0,11,5,7,10,3
0,11,6,9,14,7
0,12,7,12,16,7
0,12,7,12,18,7
0,12,7,13,18,8
0,12,7,13,18,8
0,13,8,15,18,11
0,13,8,14,18,12
0,12,9,16,15,15
0,9,8,15,14,16
0,8,8,15,13,14
0,7,9,16,14,15
0,9,10,16,13,17
0,8,9,15,10,20
0,7,11,15,9,16
0,7,11,13,10,17
0,6,11,14,12,18
0,7,12,15,14,19
0,7,14,15,14,19
0,5,14,14,14,18
0,6,15,14,15,15
0,5,14,11,15,14
0,6,17,12,15,14
0,7,16,13,17,15
0,7,16,13,16,16
0,5,17,13,16,13
0,5,16,15,16,11
0,7,14,18,14,12
0,7,13,17,12,11
0,7,13,16,10,10
0,6,14,16,8,10
0,7,15,16,9,11
0,9,13,15,9,12
0,9,14,19,8,12
0,11,16,21,10,12
0,10,14,19,7,13
0,9,18,17,8,11
0,10,21,19,9,12
0,11,21,20,10,11
0,13,22,17,10,11
0,11,22,15,11,10
0,12,22,15,10,11
0,12,22,15,10,11
0,12,20,14,10,12
0,13,18,13,9,9
0,13,20,12,11,9
0,0,0,0,0,0
0,0,0,0,0,0
0,0,0,0,0,0
0,0,0,0,0,0
0,0,0,0,0,0
0,0,0,0,0,0
0,0,0,0,0,0
0,0,0,0,0,0
0,0,0,0,0,0
0,0,0,0,0,0
0,2,0,0,0,0
0,2,0,1,1,0
0,2,1,1,1,0
0,2,1,2,1,1
1,5,1,2,4,1
2,5,3,2,5,1
2,6,4,4,6,2
2,7,4,5,8,4
3,8,5,6,9,4
3,9,6,6,9,4
3,11,6,8,11,5
4,11,7,9,14,6
6,13,7,11,15,7
6,12,7,12,18,7
7,11,7,12,17,7
8,11,6,16,17,9
0,0,0,0,0,0
0,0,0,0,0,0
0,0,0,0,0,0
0,0,0,0,0,0
0,0,0,0,0,0
0,0,0,0,0,0
0,0,0,0,0,0
0,0,0,0,0,0
0,0,0,0,0,0
0,0,0,0,0,0
0,0,0,0,0,0
0,0,0,0,0,0
0,1,0,0,0,0
1,1,0,0,2,0
1,3,0,0,2,0
2,3,0,1,4,1
2,3,1,1,5,1
0,0,0,0,0,0
0,0,0,0,0,0
0,0,0,0,0,0
0,0,0,0,0,0
0,0,0,0,0,0
0,0,0,0,0,0
0,0,0,0,0,0
0,0,0,0,0,0
0,0,0,0,0,0
0,0,0,0,0,0
0,0,0,0,0,0
0,0,0,0,0,0
0,0,0,0,0,0
0,0,0,0,0,0
0,0,0,0,0,0
0,0,0,0,0,0
0,0,0,0,0,0
0,0,0,0,0,0
0,0,0,0,0,0
0,0,0,0,0,0
0,0,0,0,0,0
0,0,0,0,0,0
0,0,0,0,0,0
0,0,0,0,0,0
0,0,0,0,0,0
0,0,0,0,0,0
0,0,0,0,0,0
0,0,0,0,0,0
0,0,0,0,0,0
0,0,0,0,0,0
0,0,0,0,0,0
0,0,0,0,1,0
1,0,0,0,2,0
1,1,0,0,2,0
1,2,2,2,2,1
2,4,3,2,4,1
2,7,3,2,4,1
2,8,4,5,5,2
2,9,4,7,7,2
2,9,4,7,8,4
3,10,6,7,11,5
3,11,6,7,12,6
4,14,8,7,14,7
4,16,9,7,15,7
4,16,9,8,16,7
6,19,9,9,16,7
7,20,7,8,18,6
7,18,7,8,17,7
7,18,7,9,18,7
7,17,6,7,17,7
0,0,0,0,0,0
0,0,0,0,0,0
0,0,0,0,0,0
0,0,0,0,0,0
0,0,0,0,0,0
0,0,0,0,0,0
0,0,0,0,0,0
0,0,0,0,0,0
0,1,0,0,0,0
0,1,0,0,2,0
0,1,0,1,2,0
1,1,0,1,2,1
2,3,0,1,2,1
2,3,1,3,2,2
2,4,3,4,3,2
2,5,4,4,4,2
3,7,4,5,6,3
3,9,5,7,8,4
6,10,6,7,10,6
6,10,7,9,10,6
6,11,7,11,12,7
6,11,7,11,13,7
7,11,7,11,14,7
6,11,7,13,15,10
5,12,8,15,16,10
6,12,8,17,16,10
6,11,7,15,15,10
6,10,6,15,15,12
6,9,6,16,14,13
5,8,5,14,12,12
4,6,4,14,11,11
4,7,8,15,11,11
4,7,8,13,11,12
4,7,9,14,11,16
3,7,11,13,9,18
3,7,10,12,9,17
4,8,11,12,8,17
3,6,14,9,10,17
3,7,14,10,12,16
3,7,14,10,14,14
4,6,14,12,14,14
6,6,16,12,16,15
5,6,15,14,15,14
4,4,13,13,17,14
5,5,14,14,15,9
7,4,13,12,13,8
8,6,11,11,12,10
7,6,12,10,13,8
10,5,10,11,10,9
11,8,11,11,11,11
11,11,10,12,10,12
11,11,11,15,12,12
12,11,12,14,11,13
12,14,11,14,13,12
12,14,10,14,12,12
10,14,9,14,13,11
10,14,9,14,13,10
9,14,9,14,15,9
9,14,8,14,15,9
7,15,7,13,16,8
6,18,7,13,15,7
5,18,7,9,17,6
5,17,5,8,16,6
2,18,3,7,16,6
3,20,4,5,18,7
4,16,4,6,17,9
5,17,5,6,17,9
4,19,5,6,19,10
4,18,5,6,20,10
5,18,6,6,19,9
5,16,6,6,20,8
4,13,5,5,19,8
4,12,6,6,20,8
5,11,5,6,21,9
6,11,7,5,20,7
6,11,7,4,19,7
5,12,8,5,17,5
3,12,10,4,17,4
6,13,9,4,16,3
6,18,9,4,16,4
5,22,8,5,21,5
6,25,8,6,22,5
6,24,7,8,23,5
5,26,7,7,21,5
8,28,6,8,21,5
7,30,7,9,23,4
7,27,6,8,23,5
7,26,4,8,22,5
5,26,4,7,23,6
5,25,5,7,25,5
6,20,5,6,22,5
9,19,5,6,21,5
10,19,5,5,20,6
10,19,7,4,21,5
10,20,9,4,20,6
9,20,9,3,18,6
12,19,8,2,18,7
12,21,8,2,17,7
11,19,9,4,17,7
11,17,10,5,15,6
10,18,12,5,16,5
8,20,13,4,15,5
7,20,13,5,13,6
5,20,15,5,15,8
6,17,14,6,16,7
5,17,12,7,15,8
6,16,12,7,16,8
5,15,13,7,18,8
5,15,14,6,18,9
5,15,13,5,17,9
5,19,13,4,19,9
5,18,12,7,19,10
6,19,13,6,20,11
6,19,10,6,19,9
6,20,10,6,21,10
7,20,9,6,21,7
6,21,8,7,22,9
5,23,10,7,21,8
5,25,9,7,21,7
5,27,9,9,19,7
6,23,7,8,16,10
7,25,6,8,15,8
6,23,5,8,14,6
7,24,6,8,18,6
6,23,7,8,16,5
6,23,6,8,15,7
5,22,6,8,14,5
4,22,5,8,14,7
6,21,6,8,15,8
6,21,4,6,18,9
6,19,6,7,18,6
6,17,7,5,18,8
5,15,7,5,18,8
4,17,6,5,18,8
5,17,6,5,15,8
5,18,5,4,14,9
4,17,7,4,15,8
4,16,8,3,16,8
4,14,7,4,15,8
3,14,6,4,15,6
4,12,6,5,11,5
4,12,4,5,15,5
4,13,3,4,19,4
4,14,4,3,20,4
4,12,5,3,18,4
4,11,6,3,21,3
6,11,5,3,20,5
7,14,4,2,21,4
7,16,5,1,22,5
7,18,5,1,21,5
8,19,6,2,20,5
7,22,5,4,18,4
8,26,5,4,17,6
9,26,4,4,13,7
8,26,4,4,15,6
8,27,4,4,15,7
8,24,4,6,17,8
8,24,3,7,16,7
7,22,2,7,19,8
6,22,2,8,17,8
6,19,2,6,17,7
5,16,1,7,16,5
4,13,2,7,21,5
5,12,3,9,24,6
6,10,4,9,26,7
6,12,5,9,25,8
6,12,6,6,23,7
7,17,7,6,19,7
6,18,8,8,19,8
6,21,10,6,19,8
9,21,11,8,19,8
9,21,11,7,18,7
9,21,11,6,13,7
7,23,11,6,13,8
6,23,11,7,14,7
7,23,9,7,15,6
6,25,9,7,14,8
7,21,7,7,13,7
7,21,8,7,14,6
7,20,7,6,13,9
7,17,5,6,12,9
5,17,4,4,11,9
4,14,4,4,10,9
4,13,3,4,8,8
4,13,3,5,8,7
4,11,2,4,6,6
4,10,1,3,4,5
2,8,1,3,2,5
2,7,1,3,2,4
2,3,1,3,1,3
1,2,1,3,1,3
1,2,0,1,0,3
0,0,0,1,0,2
0,0,0,1,0,0
0,0,0,1,0,0
0,0,0,1,0,0
0,0,0,1,0,0
0,0,0,1,0,0
0,0,0,0,0,0
0,0,0,0,0,0
0,0,0,0,0,0
0,0,0,0,0,0
0,0,0,0,0,0
0,0,0,0,0,0
0,0,0,0,0,0
0,0,0,0,0,0
0,0,0,0,0,0
0,0,0,0,0,0
0,0,0,0,0,0
0,0,0,0,0,0
0,0,0,0,0,0
0,0,0,0,0,0
0,0,0,0,0,0
0,0,0,0,0,0
0,0,0,0,0,0
0,0,0,0,0,0
0,0,0,0,0,0
0,0,0,0,0,0
0,0,0,0,0,0
0,0,0,0,0,0
0,0,0,0,0,0
0,0,0,0,0,0
0,0,0,0,0,0
0,0,0,0,0,0
0,0,0,0,0,0
0,0,0,0,0,0
0,0,0,0,0,0
0,0,0,0,0,0
0,0,0,0,0,0
0,0,0,0,0,0
0,0,0,0,0,0
0,0,0,0,0,0
0,0,0,0,0,0
0,0,0,0,0,0
0,0,0,0,0,0
0,0,0,0,0,0
0,0,0,0,0,0
0,0,0,0,0,0
0,0,0,0,0,0
0,0,0,0,0,0
0,0,0,0,0,0
0,0,0,0,0,0
0,0,0,0,0,0
0,0,0,0,0,0
0,0,0,0,0,0
0,0,0,0,0,0
0,0,0,0,0,0
0,0,0,0,0,0
0,0,0,0,0,0
0,0,0,0,0,0
0,0,0,0,0,0
0,0,0,0,0,0
0,0,0,0,0,0
0,0,0,0,0,0
0,0,0,0,0,0
0,0,0,0,0,0
0,0,0,0,0,0
0,0,0,0,0,0
0,0,0,0,0,0
0,0,0,0,0,0
0,0,0,0,0,0
0,0,0,0,0,0
0,0,0,0,0,0
0,0,0,0,0,0
0,0,0,0,0,0
0,0,0,0,0,0
0,0,0,0,0,0
0,0,0,0,0,0
0,0,0,0,0,0
0,0,0,0,0,0
0,0,0,0,0,0
0,0,0,0,0,0
0,0,0,0,0,0
0,0,0,0,0,0
0,0,0,0,0,0
0,0,0,0,0,0
0,0,0,0,0,0
0,0,0,0,0,0
0,0,0,0,0,0
0,0,0,0,0,0
0,0,0,0,0,0
0,0,0,0,0,0
0,0,0,0,0,0
0,0,0,0,0,0
0,0,0,0,0,0
0,0,0,0,0,0
0,0,0,0,0,0
0,0,0,0,0,0
0,0,0,0,0,0
0,0,0,0,0,0
0,0,0,0,0,0
0,0,0,0,0,0
0,0,0,0,0,0
0,0,0,0,0,0
0,0,0,0,0,0
0,0,0,0,0,0
0,0,0,0,0,0
0,0,0,0,0,0
0,0,0,0,0,0
0,0,0,0,0,0
0,0,0,0,0,0
0,0,0,0,0,0
0,0,0,0,0,0
0,0,0,0,0,0
0,0,0,0,0,0
0,0,0,0,0,0
0,0,0,0,0,0
0,0,0,0,0,0
0,0,0,0,0,0
0,0,0,0,0,0
0,0,0,0,0,0
0,0,0,0,0,0
0,0,0,0,0,0
0,0,0,0,0,0
0,0,0,0,0,0
0,0,0,0,0,0
0,0,0,0,0,0
0,0,0,0,0,0
0,0,0,0,0,0
0,0,0,0,0,0
0,0,0,0,0,0
0,0,0,0,0,0
0,0,0,0,0,0
0,0,0,0,0,0
0,0,0,0,0,0
0,0,0,0,0,0
0,0,0,0,0,0
0,0,0,0,0,0
0,0,0,0,0,0
0,0,0,0,0,0
0,0,0,0,0,0
0,0,0,0,0,0
0,0,0,0,0,0
0,0,0,0,0,0
0,1,0,0,0,0
0,2,0,0,1,0
1,2,0,0,1,0
2,3,1,2,1,0
2,6,1,2,3,0
3,7,1,3,5,1
3,8,1,3,8,1
5,9,1,4,11,1
6,9,1,4,15,1
7,11,1,5,17,2
7,13,1,6,18,2
10,14,2,7,19,2
10,14,4,7,22,3
11,14,4,7,21,3
10,16,4,7,24,3
9,17,3,7,23,3
10,15,3,7,23,5
11,14,4,6,21,5
11,15,5,6,19,6
9,18,6,6,15,7
8,18,6,6,15,6
7,18,6,6,13,7
7,18,8,5,17,7
4,19,7,4,15,8
5,20,6,4,15,8
5,21,7,4,15,9
5,21,7,4,13,9
6,22,9,4,14,9
4,22,9,4,14,10
3,23,7,5,15,10
3,26,8,5,14,10
4,25,7,4,13,9
5,25,8,5,13,9
6,22,8,5,15,8
8,27,7,6,10,8
8,25,7,6,9,7
7,23,7,6,12,5
6,25,7,6,12,6
6,26,6,5,17,6
7,26,5,5,15,4
7,25,5,4,14,3
8,22,6,4,15,2
8,22,6,7,16,3
7,27,6,6,20,4
6,28,6,5,18,4
7,24,7,5,19,4
8,22,6,6,19,5
8,22,6,6,18,6
9,19,5,6,18,7
9,16,4,7,14,7
9,17,5,6,13,7
8,17,6,6,17,6
7,18,6,8,17,6
8,17,4,8,17,6
9,16,4,6,15,5
9,15,5,6,14,6
9,16,5,7,16,7
8,17,6,6,15,8
6,18,6,5,17,7
6,17,7,5,16,6
5,17,7,5,17,5
7,18,7,6,18,5
7,14,7,6,16,6
7,13,6,4,15,6
8,12,7,3,15,6
7,11,7,4,17,7
8,11,6,4,17,8
10,9,6,4,16,7
10,11,5,4,19,6
10,12,6,6,18,6
10,14,5,6,19,7
10,13,7,5,17,8
8,14,9,5,19,7
7,15,9,6,19,8
6,16,9,7,20,10
7,17,9,8,20,10
7,17,11,8,18,9
5,17,10,9,19,12
5,17,11,10,20,13
6,17,10,8,20,12
6,14,9,10,19,13
7,16,8,10,20,10
7,19,7,10,19,11
7,18,5,10,17,11
7,18,5,10,16,12
6,22,4,8,21,10
7,22,3,10,22,10
6,22,4,8,24,9
5,22,4,7,23,6
5,24,5,8,22,7
5,22,5,9,22,8
5,22,5,7,20,7
5,19,5,6,21,7
6,20,6,6,22,5
7,21,7,7,23,3
8,18,7,6,19,3
6,19,7,5,19,6
6,17,6,6,19,5
7,18,7,6,18,5
6,16,5,8,19,4
6,17,6,9,20,5
5,17,7,10,21,6
7,18,6,11,26,6
5,16,4,13,25,10
4,15,4,12,28,10
4,13,3,11,26,9
6,18,4,11,30,8
6,17,4,12,30,8
6,18,5,12,29,8
7,18,4,8,29,10
7,18,4,9,33,8
7,18,3,8,32,7
6,19,5,8,25,7
8,18,5,8,24,4
9,19,6,8,20,4
10,19,7,8,20,3
9,17,6,10,17,3
9,18,6,8,16,4
8,20,4,7,19,7
7,21,4,8,20,5
7,22,4,8,16,6
8,21,5,7,14,6
8,21,8,6,17,6
7,21,6,6,17,5
6,20,6,5,15,5
6,18,5,5,15,5
5,20,6,8,15,5
5,20,5,7,15,6
5,19,5,7,15,6
5,17,5,7,13,5
4,15,5,7,12,3
4,12,6,6,9,4
4,12,6,6,8,3
3,11,4,7,6,3
3,9,3,8,7,7
3,12,3,8,11,8
3,14,3,8,12,10
3,14,2,5,12,10
3,14,2,6,11,9
3,13,3,8,11,11
2,16,4,8,11,13
2,18,3,8,14,12
3,22,3,8,18,14
4,21,3,6,18,16
4,19,3,8,20,14
4,18,3,8,15,14
3,20,3,10,15,14
4,21,3,10,17,13
4,21,4,8,18,14
4,21,3,8,18,13
5,18,4,9,16,12
5,16,4,9,15,12
6,14,4,10,12,10
4,17,5,10,13,7
4,15,5,12,14,7
4,14,6,11,17,5
4,12,7,12,18,6
4,12,6,12,19,3
5,14,5,12,23,3
5,16,5,12,23,6
3,14,5,11,23,8
3,14,4,11,26,7
4,18,6,11,23,8
5,18,7,10,19,9
5,19,7,8,18,11
6,22,6,7,19,13
7,19,6,6,16,13
6,20,5,6,15,13
5,19,5,5,17,10
5,20,6,7,17,8
6,20,6,6,15,8
6,19,5,5,12,8
8,16,4,4,11,9
8,14,3,4,11,8
7,13,1,4,11,8
7,12,1,4,11,6
7,9,1,4,10,4
6,6,1,4,7,3
5,5,1,4,6,2
4,4,1,4,5,2
4,3,1,4,4,2
4,2,1,4,2,2
4,1,1,3,1,2
3,0,0,1,1,1
3,0,0,1,1,1
3,0,0,1,0,1
1,0,0,1,0,0
0,0,0,1,0,0
0,0,0,1,0,0
0,0,0,0,0,0
0,0,0,0,0,0
0,0,0,0,0,0
0,0,0,0,0,0
0,0,0,0,0,0
0,0,0,0,0,0
0,0,0,0,0,0
0,0,0,0,0,0
0,0,0,0,0,0
0,0,0,0,0,0
0,0,0,0,0,0
0,0,0,0,0,0
0,0,0,0,0,0
0,0,0,0,0,0
0,0,0,0,0,0
0,0,0,0,0,0
0,0,0,0,0,0
0,0,0,0,0,0
0,0,0,0,0,0
0,0,0,0,0,0
0,0,0,0,0,0
0,0,0,0,0,0
0,0,0,0,0,0
0,0,0,0,0,0
0,0,0,0,0,0
0,0,0,0,0,0
0,0,0,0,0,0
0,0,0,0,0,0
0,0,0,0,0,0
0,0,0,0,0,0
0,0,0,0,0,0
0,0,0,0,0,0
0,0,0,0,0,0
0,0,0,0,0,0
0,0,0,0,0,0
0,0,0,0,0,0
0,0,0,0,0,0
0,0,0,0,0,0
0,0,0,0,0,0
0,0,0,0,0,0
0,0,0,0,0,0
0,0,0,0,0,0
0,0,0,0,0,0
0,0,0,0,0,0
0,0,0,0,0,0
0,0,0,0,0,0
0,0,0,0,0,0
0,0,0,0,0,0
0,0,0,0,0,0
0,0,0,0,0,0
0,0,0,0,0,0
0,0,0,0,0,0
0,0,0,0,0,0
0,0,0,0,0,0
0,0,0,0,0,0
0,0,0,0,0,0
0,0,0,0,0,0
0,0,0,0,0,0
0,0,0,0,0,0
0,0,0,0,0,0
0,0,0,0,0,0
0,0,0,0,0,0
0,0,0,0,0,0
0,0,0,0,0,0
0,0,0,0,0,0
0,0,0,0,0,0
0,0,0,0,0,0
0,0,0,0,0,0
0,0,0,0,0,0
0,0,0,0,0,0
0,0,0,0,0,0
0,0,0,0,0,0
0,0,0,0,0,0
0,0,0,0,0,0
0,0,0,0,0,0
0,0,0,0,0,0
0,0,0,0,0,0
0,0,0,0,0,0
0,0,0,0,0,0
0,0,0,0,0,0
0,0,0,0,0,0
0,0,0,0,0,0
0,0,0,0,0,0
0,0,0,0,0,0
0,0,0,0,0,0
0,0,0,0,0,0
0,0,0,0,0,0
0,0,0,0,0,0
0,0,0,0,0,0
0,0,0,0,0,0
0,0,0,0,0,0
0,0,0,0,0,0
0,0,0,0,0,0
0,0,0,0,0,0
0,0,0,0,0,0
0,0,0,0,0,0
0,0,0,0,0,0
0,0,0,0,0,0
0,0,0,0,0,0
0,0,0,0,0,0
0,0,0,0,0,0
0,1,0,0,1,0
0,2,0,0,1,0
0,2,0,0,2,0
1,2,1,0,2,0
2,3,2,1,2,0
0,0,0,0,0,0
0,0,0,0,0,0
0,0,0,0,0,0
0,0,0,0,0,0
0,0,0,0,0,0
0,0,0,0,0,0
0,0,0,0,0,0
0,0,0,0,0,0
0,1,0,0,0,0
0,0,0,0,0,0
0,0,0,0,0,0
0,0,0,0,0,0
0,0,0,0,0,0
0,0,0,0,0,0
0,0,0,0,0,0
0,0,0,0,0,0
0,0,0,0,0,0
0,1,0,0,0,0
0,1,0,0,1,0
1,1,1,0,1,1
1,1,2,1,1,1
1,2,2,2,2,1
2,4,4,3,3,1
2,7,4,3,4,3
2,9,4,3,6,3
2,13,5,4,8,3
3,14,5,5,11,3
3,18,5,5,12,5
3,20,6,6,13,5
3,20,7,7,14,5
3,22,7,8,17,5
4,26,6,8,18,5
7,27,5,6,17,5
7,28,5,7,16,5
7,25,5,6,17,5
7,24,5,6,17,6
7,25,5,6,16,6
7,21,4,5,14,6
6,23,5,5,15,4
6,24,4,6,15,5
7,23,4,5,16,5
0,0,0,0,0,0
0,0,0,0,0,0
0,0,0,0,0,0
0,0,0,0,0,0
0,0,0,0,0,0
0,0,0,0,0,0
0,0,0,0,0,0
0,0,0,0,0,0
0,2,0,0,1,0
1,3,0,0,1,0
3,3,0,0,1,0
3,3,1,0,2,0
4,5,1,1,4,0
4,7,1,1,4,1
4,8,1,1,7,1
4,13,1,1,7,2
6,14,1,1,9,3
6,19,1,2,10,4
7,19,1,2,11,5
8,17,1,3,11,5
10,20,2,4,11,7
9,19,2,4,15,9
8,22,2,4,20,10
7,24,1,4,20,11
9,22,2,4,19,11
9,24,3,4,17,10
9,22,4,4,16,9
8,21,4,5,18,8
7,18,4,6,19,7
0,0,0,0,0,0
0,0,0,0,0,0
0,0,0,0,0,0
0,0,0,0,0,0
0,0,0,0,0,0
0,0,0,0,0,0
0,0,0,0,0,0
0,0,0,0,0,0
0,0,0,0,0,0
0,1,0,0,0,0
0,1,0,0,0,0
0,3,0,0,1,0
0,3,0,0,2,0
1,4,2,0,3,1
1,4,2,2,4,1
1,6,3,2,6,3
1,9,3,2,6,4
2,11,3,2,6,4
4,11,3,3,7,5
5,12,3,4,9,6
5,16,4,5,12,7
7,16,6,5,14,7
7,18,7,5,18,7
8,18,8,6,17,7
7,17,9,6,17,6
7,18,9,5,17,7
7,16,9,5,16,6
7,18,12,5,16,5
0,0,0,0,0,0
0,0,0,0,0,0
0,0,0,0,0,0
0,0,0,0,0,0
0,0,0,0,0,0
0,0,0,0,0,0
0,0,0,0,0,0
0,0,0,0,0,0
0,0,0,0,0,0
0,0,0,0,0,0
0,0,0,0,0,0
0,0,0,0,0,0
0,0,0,0,0,0
0,0,0,0,0,0
0,0,0,0,0,0
0,0,0,0,0,0
0,0,0,0,0,0
0,1,0,0,1,0
0,4,0,0,2,0
0,6,0,0,4,1
0,8,0,1,6,1
1,11,1,1,8,1
2,12,1,1,8,3
2,13,1,2,8,4
2,16,2,3,10,4
6,19,2,3,12,4
6,20,2,3,12,5
8,20,3,3,13,6
9,21,4,3,14,7
10,22,4,3,13,9
11,24,4,4,12,9
11,23,7,3,12,9
10,21,6,4,10,9
0,0,0,0,0,0
0,0,0,0,0,0
0,0,0,0,0,0
0,0,0,0,0,0
0,0,0,0,0,0
0,0,0,0,0,0
0,0,0,0,0,0
0,0,0,0,0,0
0,2,0,0,0,0
0,4,0,0,0,0
0,4,0,0,0,0
0,6,0,1,1,0
0,10,0,2,3,0
0,10,0,4,3,0
1,14,0,4,6,3
2,16,0,4,9,3
2,16,0,6,11,4
2,16,1,7,15,4
2,17,4,8,17,4
3,17,5,8,18,4
5,18,5,8,18,5
5,21,7,8,20,6
6,18,7,7,19,8
7,17,7,6,19,8
7,16,7,5,20,8
5,15,7,6,18,6
0,0,0,0,0,0
0,0,0,0,0,0
0,0,0,0,0,0
0,0,0,0,0,0
0,0,0,0,0,0
0,0,0,0,0,0
0,0,0,0,0,0
0,0,0,0,0,0
0,0,0,0,0,0
0,0,0,0,0,0
0,0,0,0,0,0
0,0,0,0,0,0
0,0,0,0,0,0
0,0,0,0,0,0
0,0,0,0,0,0
0,0,0,0,0,0
0,0,0,0,0,0
0,0,0,0,0,0
0,0,0,0,0,0
0,0,0,0,0,0
0,0,0,0,0,0
0,0,0,0,0,0
0,0,0,0,0,0
0,0,0,0,0,0
0,0,0,0,0,0
0,0,0,0,0,0
0,0,0,0,0,0
0,0,0,0,0,0
0,0,0,0,0,0
0,0,0,0,0,0
0,0,0,0,1,0
0,0,0,0,2,0
0,0,0,0,0,0
0,0,0,0,0,0
0,0,0,0,0,0
0,0,0,0,0,0
0,0,0,0,0,0
0,0,0,0,0,0
0,0,0,0,0,0
0,0,0,0,0,0
0,2,0,0,1,0
0,2,0,0,2,0
1,2,0,0,2,0
2,2,1,1,2,0
2,4,3,2,2,1
2,5,4,3,6,2
2,6,4,4,6,3
2,7,5,4,6,4
3,9,5,7,9,4
0,0,0,0,0,0
0,0,0,0,0,0
0,0,0,0,0,0
0,0,0,0,0,0
0,0,0,0,0,0
0,0,0,0,0,0
0,0,0,0,0,0
0,0,0,0,0,0
0,0,0,0,0,0
0,1,0,0,1,0
0,2,0,0,1,1
0,3,0,0,1,1
1,4,2,0,2,1
2,4,2,2,4,2
2,7,5,3,6,2
2,7,5,4,7,3
2,8,5,5,8,4
4,10,5,7,10,4
4,11,5,8,12,5
0,0,0,0,0,0
0,0,0,0,0,0
0,0,0,0,0,0
0,0,0,0,0,0
0,0,0,0,0,0
0,0,0,0,0,0
0,0,0,0,0,0
0,0,0,0,0,0
0,0,0,0,0,0
0,0,0,0,0,0
0,0,0,0,0,0
0,0,0,0,0,0
0,0,0,0,0,0
0,0,0,0,0,0
0,0,0,0,0,0
0,0,0,0,0,0
0,0,0,0,0,0
0,1,0,0,0,0
1,1,0,1,1,0
1,2,0,3,2,0
0,0,0,0,0,0
0,0,0,0,0,0
0,0,0,0,0,0
0,0,0,0,0,0
0,0,0,0,0,0
0,0,0,0,0,0
0,0,0,0,0,0
0,0,0,0,0,0
0,1,0,0,1,0
0,2,0,0,1,0
1,2,1,0,2,0
1,3,2,0,2,1
2,4,3,2,3,1
2,6,4,3,4,2
2,6,4,4,5,3
2,9,4,5,7,3
0,0,0,0,0,0
0,0,0,0,0,0
0,0,0,0,0,0
0,0,0,0,0,0
0,0,0,0,0,0
0,0,0,0,0,0
0,0,0,0,0,0
0,0,0,0,0,0
0,0,0,0,0,0
0,0,0,0,0,0
0,0,0,0,0,0
0,0,0,0,0,0
0,0,0,0,0,0
0,0,0,0,0,0
0,1,0,0,0,0
1,1,0,0,0,0
0,0,0,0,0,0
0,0,0,0,0,0
0,0,0,0,0,0
0,0,0,0,0,0
0,0,0,0,0,0
0,0,0,0,0,0
0,0,0,0,0,0
0,0,0,0,0,0
0,0,0,0,0,0
0,0,0,0,0,0
0,0,0,0,0,0
0,0,0,0,0,0
0,0,0,0,0,0
0,0,0,0,0,0
0,0,0,0,0,0
0,0,0,0,0,0
0,0,0,0,0,0
0,0,0,0,0,0
0,0,0,0,0,0
0,0,0,0,0,0
0,0,0,0,0,0
0,0,0,0,0,0
0,0,0,0,0,0
0,0,0,0,0,0
0,1,0,0,0,0
1,3,0,0,0,0
1,3,0,0,1,1
1,4,1,0,3,1
1,5,1,1,6,1
3,7,1,2,7,1
5,10,1,3,8,2
5,15,1,4,11,2
5,19,1,4,11,2
5,21,1,6,15,2
0,0,0,0,0,0
0,0,0,0,0,0
0,0,0,0,0,0
0,0,0,0,0,0
0,0,0,0,0,0
0,0,0,0,0,0
0,0,0,0,0,0
0,0,0,0,0,0
0,0,0,0,0,0
0,0,0,0,0,0
0,0,0,0,0,0
0,0,0,0,0,0
0,0,0,0,0,0
0,0,0,0,0,0
0,0,0,0,0,0
0,2,0,0,0,0
0,2,0,0,0,0
0,2,1,1,1,0
0,2,1,3,2,0
0,2,2,3,3,1
0,4,2,4,3,2
2,8,3,5,7,2
2,9,3,6,8,2
2,10,3,6,8,3
3,11,5,7,11,4
4,12,5,10,11,4
5,13,6,10,13,7
5,11,6,12,17,7
6,11,7,14,17,7
0,0,0,0,0,0
0,0,0,0,0,0
0,0,0,0,0,0
0,0,0,0,0,0
0,0,0,0,0,0
0,0,0,0,0,0
0,0,0,0,0,0
0,0,0,0,0,0
0,0,0,0,0,0
0,1,0,0,0,0
0,0,0,0,0,0
0,0,0,0,0,0
0,0,0,0,0,0
0,0,0,0,0,0
0,0,0,0,0,0
0,0,0,0,0,0
0,0,0,0,0,0
0,0,0,0,0,0
0,0,0,0,2,0
1,0,0,0,3,0
1,2,0,0,4,0
