(100,100),
(102,103),(104,97),
(105,107),(109,95),(103,99),(103,96),(98,102),(102,102),(101,96),
(109,111),(115,93),(108,98),(109,90),(95,106),(106,106),(106,89),(94,95),(97,102),(96,97),(99,100),
(112,115),(121,92),(113,97),(116,84),(92,111),(110,111),(110,83),(87,91),(93,106),(87,93),(96,105),(97,102),(98,102),(102,100),(103,101),
(116,119),(127,92),(118,96),(122,78),(89,115),(115,116),(116,76),(80,89),(89,110),(78,91),(92,109),(94,106),(95,106),(106,101),(112,103),(99,95),(95,101),(100,100),
(120,123),(128,93),(123,96),(129,70),(85,120),(120,121),(122,69),(72,88),(85,114),(68,91),(88,114),(90,110),(91,111),(112,101),(122,104),(96,88),(86,102),(106,103),(99,102),(97,101),(100,99),(100,99),(100,100),
(124,127),(129,98),(129,96),(136,63),(81,124),(126,127),(129,63),(64,90),(80,119),(58,95),(84,119),(86,114),(88,115),(117,102),(132,104),(93,81),(76,103),(112,105),(98,109),(87,105),(109,96),(108,98),(94,99),(94,98),(96,103),(101,100),(98,100),(97,100),(99,99),
(129,132),(136,100),(129,97),(144,55),(76,129),(132,133),(138,57),(55,95),(75,124),(50,100.01),(78,125),(82,118),(83,120),(124,102),(143,102),(90,75),(66,102),(119,106),(95,116),(76,107),(119,93),(116,95),(87,99),(84,97),(87,108),(107,104),(90,100),(86,103),(91,97),(94,99),(101,97),(99,100),(98,100),
(135,137),(145,100),(133,100),(150,50),(70,134),(138,139),(148,50),(50,100.01),(70,129),(73,130),(78,123),(79,125),(130,102),(150,100.01),(84,68),(54,101),(127,106),(92,123),(63,105),(130,93),(124,91),(80,99),(73,97),(76,111),(112,108),(82,101),(75,107),(81,95),(86,97),(105,88),(106,94),(107,99),(105,105),(89,101),(101,100),(99,100),(100,100),(100,100),(98,99),
(141,142),(150,100),(140,100),(64,139),(146,146),(150,50),(64,135),(66,136),(73,128),(73,131),(138,101),(78,62),(50,100.01),(135,105),(87,130),(50,100),(141,96),(131,85),(72,99),(61,98),(66,110),(118,113),(75,104),(66,114),(72,95),(77,95),(111,80),(114,90),(116,97),(112,112),(76,105),(110,103),(92,104),(112,103),(89,98),(107,101),(102,104),(104,97),(104,103),(102,98),(100,100),
(147,147),(147,100),(58,144),(150,150),(58,141),(60,142),(68,133),(68,136),(145,100),(70,57),(143,103),(81,136),(50,100.01),(150,100.01),(138,79),(64,99),(50,100.01),(55,104),(124,118),(69,107),(59,124),(62,96),(70,91),(118,72),(122,88),(123,94),(120,120),(65,113),(119,108),(85,106),(126,104),(80,95),(115,102),(107,114),(113,92),(113,109),(111,95),(88,96),(106,103),(101,108),(96,98),(103,102),(98,99),(101,101),(99,99),(100,100),(98,98),
(150,150),(150,100),(51,148),(53,146),(53,147),(62,138),(62,141),(150,100.01),(62,53),(150,100.01),(75,141),(143,71),(56,99),(50,100.01),(130,124),(63,111),(53,134),(52,99),(64,86),(125,65),(129,88),(130,90),(127,128),(57,123),(126,113),(78,107),(138,103),(72,91),(124,102),(113,122),(122,86),(123,111),(120,93),(76,95),(115,106),(106,120),(89,96),(112,107),(91,95),(108,105),(91,98),(84,98),(104,105),(94,97),(105,101),(101,103),(101,101),
(50,150),(50,150),(50,150),(57,143),(55,146),(51,50),(67,145),(147,61),(50,100.01),(135,130),(58,117),(50,149),(50,100.01),(58,79),(134,58),(130,89),(136,85),(136,136),(51,137),(134,120),(71,107),(150,100.01),(64,86),(133,102),(121,131),(130,78),(134,109),(130,93),(63,96),(124,107),(114,131),(82,94),(121,110),(83,93),(116,108),(81,97),(71,92),(111,113),(85,95),(120,104),(108,114),(110,107),(107,105),(95,97),(105,100),(102,98),(100,101),(100,100),(99,100),(101,100),(97,100),
(50,149),(50,150),(50,50),(56,148),(150,50),(141,137),(54,124),(50,150),(54,70),(145,51),(138,89),(142,77),(145,145),(50,150),(140,129),(62,105),(57,77),(144,101),(130,139),(138,68),(146,103),(141,96),(50,100.01),(135,106),(126,141),(73,94),(132,109),(75,92),(124,110),(71,97),(60,82),(119,121),(74,94),(136,103),(116,125),(119,110),(118,109),(84,92),(123,106),(112,95),(103,113),(110,101),(86,109),(88,96),(112,97),(90,96),(105,97),(106,100),(106,103),(106,104),(104,103),(96,103),(99,100),(99,100),(99,99),(100,99),
(50,150),(50,150),(146,144),(52,132),(51,61),(150,50),(145,95),(145,70),(150,150),(145,138),(55,103),(53,68),(150,100.01),(140,145),(145,59),(150,100.01),(150,100.01),(144,102),(139,147),(66,94),(141,106),(67,93),(132,109),(62,97),(53,70),(126,128),(65,95),(150,100.01),(125,134),(127,111),(128,110),(75,91),(135,114),(121,94),(107,123),(119,102),(76,117),(77,94),(124,96),(78,94),(113,93),(116,101),(115,106),(117,113),(112,108),(82,110),(92,107),(93,113),(113,106),(91,103),(109,93),(95,102),(96,98),(103,99),(102,100),(100,101),(100,100),
(150,150),(50,142),(50,50),(150,100),(148,60),(149,148),(50,100.01),(50,57),(150,150),(150,50),(150,100.01),(150,150),(58,96),(150,100.01),(59,95),(140,106),(52,99),(50,54),(133,136),(55,97),(135,142),(136,108),(138,107),(64,92),(143,127),(122,95),(114,131),(128,102),(66,127),(64,95),(126,98),(66,94),(121,92),(126,101),(125,107),(128,123),(121,111),(66,110),(85,114),(84,126),(127,108),(81,106),(122,89),(87,106),(87,96),(111,98),(115,102),(106,111),(93,95),(101,99),(100,100),(99,99),(100,99),
(50,150),(149,50),(150,150),(50,50),(50,99),(51,99),(148,101),(50,100.01),(50,50),(141,142),(50,100.01),(147,148),(145,103),(148,100),(54,97),(149,143),(129,100),(121,138),(137,101),(57,139),(52,98),(137,100),(53,98),(130,92),(136,101),(136,105),(138,134),(130,111),(51,101),(78,121),(73,136),(142,104),(71,106),(135,90),(81,111),(79,95),(119,97),(127,102),(113,120),(86,90),(112,97),(111,105),(110,104),(92,102),(93,101),(100,99),(98,98),
(150,50),(50,100.01),(50,100.01),(150,100.01),(148,149),(150,150),(150,100.01),(150,100.01),(50,100.01),(150,150),(137,100),(130,143),(146,100),(50,150),(50,100.01),(149,100),(50,100.01),(129,93),(145,100),(145,102),(147,145),(138,108),(50,100.01),(71,128),(62,144),(150,100.01),(62,104),(147,97),(75,116),(71,95),(126,97),(138,101),(120,128),(80,85),(123,97),(120,111),(118,109),(84,103),(84,102),(94,105),(110,106),(91,101),(96,98),(99,100),(99,99),(100,99),
(150,150),(146,100),(139,147),(150,100.01),(150,100),(129,99),(150,100.01),(150,100.01),(150,150),(145,103),(65,134),(50,150),(53,101),(150,100.01),(69,122),(63,96),(127,98),(149,100),(127,135),(74,80),(124,98),(128,118),(126,114),(76,104),(75,102),(88,111),(123,110),(80,105),(85,95),(88,108),(101,111),(91,104),(93,97),(97,99),(95,99),(97,101),(97,99),(101,100),(98,99),
(150,100),(150,150),(138,100),(150,100.01),(57,142),(50,100.01),(63,128),(54,98),(135,100),(150,100.01),(137,142),(68,74),(135,100),(136,127),(134,122),(67,103),(65,102),(81,117),(138,107),(69,113),(72,94),(75,111),(104,123),(80,107),(83,95),(89,97),(83,97),(80,108),(83,96),(114,106),(111,104),(102,86),(89,97),(106,101),(89,100),(93,98),(106,102),(106,100),(99,99),(99,99),(99,99),
(146,100),(50,149),(58,135),(50,100.01),(142,100),(147,148),(63,68),(146,100),(143,136),(140,130),(59,102),(56,101),(75,124),(150,100.01),(60,121),(60,96),(63,109),(109,132),(70,107),(73,94),(81,97),(74,93),(66,107),(69,96),(125,113),(122,106),(107,73),(77,96),(115,102),(75,100),(84,97),(116,109),(119,100),(84,97),(109,104),(103,109),(92,103),(94,95),(95,97),(105,98),(98,99),(98,100),(98,99),(100,100),
(150,100),(50,150),(54,141),(150,100),(150,150),(58,62),(150,100),(148,146),(145,138),(51,100),(50,100.01),(69,130),(55,131),(50,100.01),(52,101),(116,139),(60,105),(64,95),(74,96),(66,88),(51,101),(57,98),(133,122),(134,105),(115,63),(65,96),(124,102),(62,100),(75,96),(126,116),(131,100),(70,97),(118,106),(108,119),(82,107),(85,86),(87,93),(118,91),(90,97),(88,105),(84,93),(88,92),(94,100),(106,104),(102,101),(102,100),(99,100),(100,99),
(50,149),(53,55),(150,150),(149,148),(50,100.01),(63,136),(51,144),(50,100.01),(124,144),(50,100),(55,98),(67,97),(60,81),(50,100.01),(50,100.01),(141,131),(145,102),(125,56),(54,98),(132,102),(50,100.01),(66,96),(134,124),(143,100),(56,98),(127,107),(113,127),(72,107),(76,77),(78,91),(129,83),(83,95),(78,107),(72,85),(76,89),(85,101),(118,109),(115,104),(115,100),(90,102),(113,94),(95,104),(102,98),(99,101),(99,100),(99,99),(100,100),(100,99),(98,100),(101,98),(98,98),
(50,150),(50,50),(150,150),(56,143),(50,150),(136,148),(50,100.01),(50,100.01),(58,98),(55,72),(148,145),(150,100.01),(141,51),(50,100.01),(142,101),(55,98),(142,135),(150,100.01),(50,100.01),(138,105),(121,135),(60,105),(65,67),(68,91),(139,71),(74,95),(66,106),(61,73),(63,92),(74,102),(132,109),(129,104),(130,100),(78,103),(129,93),(84,115),(115,92),(95,112),(96,112),(91,96),(81,94),(94,111),(113,98),(88,108),(109,105),(93,97),(96,100),(97,101),(96,99),(99,100),
(50,150),(150,150),(50,100.01),(51,60),(150,150),(150,50),(150,100.01),(50,100.01),(149,148),(149,100),(132,142),(50,100.01),(54,55),(57,95),(147,56),(65,96),(53,101),(52,57),(50,100.01),(62,101),(148,101),(145,101),(146,100),(67,103),(146,98),(73,127),(127,83),(90,123),(90,122),(83,92),(66,85),(86,122),(129,98),(76,119),(119,114),(77,90),(83,100),(86,104),(79,97),(83,101),(91,105),(91,94),(109,97),(96,104),(93,105),(94,101),(104,96),(101,99),(98,100),(98,101),
(50,50),(150,150),(150,100.01),(143,147),(50,50),(50,100.01),(150,50),(56,97),(50,100.01),(50,50),(51,100),(150,100.01),(150,100.01),(150,100.01),(56,101),(150,100.01),(61,138),(137,73),(82,132),(83,131),(75,87),(56,71),(77,132),(144,99),(64,131),(129,123),(65,80),(70,100),(75,105),(63,97),(68,101),(79,108),(79,89),(123,96),(89,113),(81,110),(82,103),(115,92),(116,97),(107,99),(107,91),(95,92),(111,91),(108,98),(98,99),(100,98),(99,98),(99,100),(101,100),
(150,150),(50,100.01),(50,100.01),(50,100.01),(51,148),(144,62),(75,139),(76,137),(70,82),(50,55),(68,139),(150,100.01),(55,142),(137,131),(57,68),(58,100),(65,105),(50,100.01),(55,100),(68,108),(67,90),(124,97),(83,120),(70,111),(72,103),(124,90),(130,97),(115,99),(116,81),(89,83),(126,88),(120,97),(90,93),(108,86),(91,88),(108,93),(91,99),(106,100),(106,102),(99,104),(100,99),(99,100),
(50,150),(149,50),(66,144),(68,142),(65,77),(50,50),(58,145),(50,150),(143,140),(51,55),(50,100.01),(56,102),(50,100.01),(58,105),(56,94),(135,100),(77,126),(60,107),(62,102),(125,91),(143,98),(123,99),(124,73),(82,76),(140,93),(121,98),(82,90),(116,76),(84,79),(116,90),(81,99),(114,100),(118,104),(98,114),(114,97),(107,95),(105,97),(102,99),(98,98),(100,99),(100,101),
(150,50),(55,148),(59,147),(60,71),(50,150),(150,150),(50,50),(50,100.01),(50,100.01),(50,100.01),(148,100),(70,133),(50,100.01),(51,100),(129,99),(150,100.01),(124,100),(133,64),(75,68),(150,100.01),(133,100),(74,89),(126,66),(75,70),(124,88),(71,99),(124,100),(131,104),(95,122),(129,97),(116,90),(114,93),(115,98),(87,88),(115,94),(95,92),(105,99),(105,98),(101,99),(99,100),
(50,150),(50,150),(56,64),(150,100),(63,139),(50,100.01),(137,100),(131,100),(143,55),(67,61),(144,100),(65,90),(137,57),(65,61),(133,90),(60,99),(134,100),(144,102),(91,130),(144,99),(124,84),(123,92),(128,98),(76,77),(127,85),(88,84),(115,99),(120,97),(109,99),(91,105),(111,101),(102,107),(106,97),(106,103),(107,102),(94,93),(96,101),(102,100),(98,101),(99,100),
(52,57),(55,145),(147,100),(139,100),(150,50),(58,55),(150,100),(57,94),(149,50),(54,53),(142,94),(50,99),(143,100),(150,100.01),(85,136),(150,100.01),(131,77),(124,93),(141,99),(65,66),(138,74),(82,76),(125,99),(121,98),(117,98),(83,108),(124,102),(106,117),(116,93),(117,109),(120,107),(84,81),(88,103),(110,101),(88,108),(87,105),(88,102),(106,103),(108,102),(103,99),
(50,50),(50,150),(150,100),(147,100),(50,50),(50,100.01),(150,50),(50,50),(150,100.01),(50,100.01),(150,100.01),(80,141),(137,70),(129,98),(150,100.01),(56,56),(145,62),(75,69),(126,100),(134,100),(124,98),(76,109),(137,101),(111,125),(123,88),(125,116),(129,113),(74,71),(80,104),(117,102),(80,115),(76,107),(76,103),(113,108),(120,104),(114,98),(91,94),(92,104),(105,101),(104,96),(101,92),(95,96),(104,103),(103,97),(103,98),(95,103),(97,101),(97,100),(101,99),(100,98),(97,101),
(150,100),(72,145),(143,61),(137,100),(50,50),(150,50),(67,62),(135,100),(149,100),(125,99),(68,109),(150,100.01),(117,132),(131,82),(134,125),(137,122),(63,61),(72,104),(125,102),(71,124),(64,105),(61,102),(121,114),(134,103),(128,98),(79,90),(81,112),(116,104),(112,91),(105,78),(86,88),(113,108),(111,92),(111,93),(81,111),(85,104),(89,105),(90,102),(96,108),(111,94),(92,101),(95,98),(104,100),(94,102),(104,98),(100,100),(100,99),(99,100),(102,99),
(63,148),(148,52),(147,100),(59,56),(145,100),(150,100),(132,100),(60,106),(125,138),(137,75),(141,135),(144,133),(51,51),(63,103),(133,102),(62,133),(51,101),(50,100.01),(128,120),(148,100),(141,98),(67,91),(70,122),(127,104),(120,88),(113,67),(77,79),(122,110),(119,89),(118,88),(66,110),(74,105),(81,110),(81,105),(91,117),(126,92),(81,103),(85,94),(113,102),(79,105),(120,94),(103,109),(87,107),(108,96),(83,102),(111,98),(88,98),(100,100),(101,99),
(52,149),(150,50),(150,100),(50,50),(150,100),(140,100),(52,101),(134,144),(143,66),(148,146),(149,146),(50,50),(55,101),(141,101),(54,143),(50,100.01),(135,128),(150,100.01),(150,100.01),(54,96),(60,133),(137,103),(129,88),(123,58),(68,70),(131,109),(128,88),(125,81),(51,101),(63,104),(74,115),(72,110),(85,126),(140,95),(70,103),(76,88),(123,102),(63,104),(122,96),(107,118),(75,116),(116,92),(67,110),(125,93),(74,92),(115,103),(86,107),(88,93),(91,95),(90,94),(92,93),(96,98),(95,99),(98,101),(98,99),(100,100),(100,100),(99,99),(101,99),(98,100),
(50,150),(50,50),(148,100),(50,100.01),(145,148),(148,55),(150,150),(150,150),(50,100.01),(150,100.01),(50,150),(141,136),(50,100.01),(52,146),(149,100),(130,89),(137,52),(58,60),(141,106),(129,89),(132,74),(50,100.01),(51,100),(67,122),(64,116),(77,134),(150,100.01),(59,102),(68,81),(134,102),(50,100.01),(137,100),(112,126),(64,127),(124,87),(56,123),(136,84),(62,82),(132,103),(70,108),(72,91),(78,91),(74,90),(77,88),(86,95),(82,97),(86,109),(85,98),(111,107),(83,103),(115,101),(91,104),(112,98),(108,93),(111,101),(92,96),(92,106),(101,99),(101,100),(100,103),
(150,100),(150,150),(150,50),(147,144),(50,150),(150,100.01),(138,89),(150,50),(50,50),(150,100.01),(129,96),(139,67),(50,100.01),(61,129),(58,124),(69,140),(50,100.01),(61,73),(144,101),(150,100),(118,133),(55,140),(131,81),(50,141),(144,73),(54,69),(148,100),(55,103),(56,95),(65,92),(58,94),(63,91),(78,90),(69,97),(74,112),(73,98),(120,113),(67,103),(129,101),(82,108),(123,95),(120,89),(125,106),(83,90),(80,111),(111,97),(114,104),(95,86),(92,101),(104,98),(98,101),(99,103),
(150,150),(144,94),(50,50),(135,100),(144,59),(56,137),(54,133),(60,145),(56,65),(150,100.01),(125,138),(50,150),(137,74),(50,150),(148,59),(50,53),(150,100.01),(50,100.01),(50,100.01),(53,97),(50,100.01),(50,100.01),(71,85),(56,98),(63,109),(61,98),(128,121),(51,100),(144,100),(73,108),(132,89),(131,89),(135,113),(74,84),(68,111),(120,96),(126,105),(86,72),(80,102),(112,94),(114,90),(102,82),(93,95),(104,105),(95,101),(93,104),(93,100),(97,98),(101,99),
(150,100),(142,100),(149,51),(52,145),(51,142),(51,149),(52,56),(132,143),(141,67),(150,50),(50,50),(50,100.01),(65,79),(50,100.01),(52,102),(50,99),(136,129),(50,100.01),(150,100.01),(65,107),(139,83),(142,94),(142,122),(67,77),(57,106),(129,96),(138,103),(76,62),(68,102),(120,90),(129,88),(104,80),(84,88),(112,115),(87,104),(78,109),(78,103),(88,93),(113,97),(95,98),(96,97),(100,99),(100,101),
(150,100),(150,50),(50,150),(50,150),(50,150),(50,50),(141,147),(146,60),(60,73),(50,100.01),(50,100.01),(142,137),(57,104),(144,74),(150,100.01),(147,133),(61,69),(50,100.01),(129,97),(149,100),(63,54),(57,101),(126,85),(144,95),(114,70),(75,81),(120,123),(78,106),(63,107),(67,108),(79,91),(123,93),(82,96),(85,87),(114,96),(97,88),(90,97),(107,97),(100,99),(100,100),
(149,149),(149,52),(56,66),(147,146),(50,100.01),(148,65),(149,146),(56,62),(134,100),(150,100.01),(50,50),(50,100.01),(132,80),(150,100.01),(124,60),(68,73),(128,131),(70,106),(50,100.01),(59,116),(71,91),(131,88),(70,96),(75,78),(128,95),(92,77),(80,93),(118,96),(109,97),(89,95),(89,105),(106,104),(97,98),(98,98),(99,100),(99,99),
(150,150),(150,50),(53,59),(150,150),(149,54),(150,150),(51,53),(142,100),(137,74),(134,50),(61,66),(136,139),(63,104),(53,127),(63,92),(137,82),(58,98),(66,69),(141,97),(86,68),(71,87),(128,95),(116,96),(80,90),(76,108),(115,109),(88,92),(87,91),(89,106),(106,104),(98,110),(94,101),(105,97),(96,96),(105,99),(96,98),(98,100),(99,99),(100,99),
(50,51),(150,50),(50,50),(150,100),(141,68),(148,50),(55,57),(145,146),(55,102),(50,140),(54,96),(142,74),(50,100.01),(57,59),(150,100.01),(78,61),(64,80),(129,96),(124,96),(72,83),(62,106),(125,110),(79,89),(76,88),(78,109),(114,109),(94,124),(83,102),(115,91),(86,90),(119,96),(83,93),(89,101),(92,90),(97,109),(109,98),(106,100),(106,95),(104,96),(99,100),(100,100),
(50,50),(145,61),(150,50),(50,50),(150,150),(50,100.01),(50,150),(50,100.01),(146,64),(50,50),(68,55),(58,72),(136,100),(125,97),(64,76),(50,100.01),(135,108),(69,89),(65,90),(67,108),(122,115),(86,136),(72,102),(124,84),(76,88),(131,90),(71,93),(80,102),(84,81),(92,119),(121,97),(117,101),(119,90),(112,90),(114,92),(96,88),(88,102),(109,99),(106,94),(107,103),(96,102),(104,98),(101,101),(97,99),(99,99),(99,99),(100,100),(99,99),(97,97),(98,98),(102,98),
(149,51),(149,51),(54,50),(52,60),(149,100),(132,100),(57,65),(147,101),(58,93),(51,98),(54,102),(129,122),(72,145),(60,101),(134,75),(64,90),(141,79),(57,96),(69,102),(75,72),(86,129),(122,98),(129,101),(120,91),(122,87),(131,90),(90,75),(72,103),(122,95),(116,85),(121,107),(87,107),(118,93),(111,108),(81,95),(87,90),(85,90),(103,109),(113,103),(112,108),(105,104),(91,105),(101,91),(96,99),(98,100),(98,100),(98,100),(99,101),
(150,50),(150,50),(50,50),(50,50),(150,100),(141,100),(51,54),(150,100.01),(50,100.01),(50,100.01),(50,100.01),(136,130),(55,149),(50,100.01),(141,65),(53,96),(147,66),(50,100.01),(59,101),(65,63),(78,137),(135,100),(140,101),(131,100),(131,88),(147,97),(82,65),(56,101),(132,89),(125,76),(135,106),(78,109),(129,85),(121,111),(65,95),(76,87),(73,80),(108,118),(126,104),(126,111),(110,109),(82,111),(105,82),(81,96),(85,104),(113,93),(109,93),(103,91),(93,102),(92,96),(91,96),(98,104),
(150,100),(50,50),(143,138),(50,150),(148,53),(50,100.01),(150,50),(50,100.01),(55,54),(68,143),(149,100),(150,100.01),(145,100),(140,92),(150,100.01),(71,57),(50,100.01),(140,81),(134,66),(149,100),(69,109),(139,74),(131,110),(50,100.01),(65,89),(62,68),(114,126),(139,102),(141,106),(116,115),(73,119),(109,73),(69,91),(71,105),(129,92),(120,84),(108,82),(84,103),(77,92),(76,93),(92,120),(106,94),(92,96),(106,98),(94,98),(100,101),(99,100),
(148,147),(150,50),(50,50),(58,147),(150,100),(150,100),(149,99),(59,52),(146,71),(143,57),(150,100.01),(61,106),(145,62),(141,106),(54,96),(53,56),(120,132),(150,100.01),(150,100.01),(122,121),(66,127),(115,66),(60,82),(59,103),(143,96),(129,76),(113,74),(76,104),(64,94),(61,95),(83,132),(114,87),(81,92),(116,96),(82,91),(102,113),(107,92),(108,94),(97,100),(99,100),(99,100),(98,100),
(150,150),(50,150),(150,100.01),(50,50),(149,58),(150,50),(52,101),(150,50),(150,100.01),(50,100.01),(50,50),(127,138),(128,126),(58,136),(122,60),(54,71),(50,100.01),(150,100.01),(138,66),(120,67),(68,104),(50,100.01),(50,100.01),(71,142),(122,80),(70,92),(127,96),(70,83),(106,123),(116,84),(122,90),(85,101),(108,95),(114,89),(109,96),(107,105),(102,94),(95,101),(104,97),(96,102),(98,98),
(150,50),(50,100.01),(134,143),(133,132),(52,145),(130,56),(50,58),(145,56),(127,61),(59,102),(56,148),(129,72),(59,95),(128,97),(62,73),(111,131),(124,76),(123,91),(73,101),(117,93),(128,87),(120,94),(119,109),(106,85),(86,103),(115,93),(88,106),(109,106),(92,94),(107,100),(96,102),
(142,146),(138,137),(50,150),(137,53),(50,50),(150,50),(134,57),(52,100),(50,150),(135,66),(50,99),(135,100),(55,63),(117,137),(131,69),(130,100),(63,100),(124,92),(141,92),(130,95),(129,109),(110,78),(79,104),(124,92),(80,108),(118,113),(82,90),(121,100),(85,106),(107,99),(103,101),(97,98),(98,100),(99,99),(99,99),(100,99),
(150,150),(143,142),(146,50),(142,53),(50,100.01),(142,58),(50,100.01),(145,100),(50,50),(125,143),(138,61),(142,100),(52,100),(125,93),(150,100.01),(141,96),(140,106),(116,71),(71,104),(125,93),(72,109),(127,122),(71,90),(136,100),(74,108),(121,99),(112,103),(85,91),(86,103),(87,97),(90,93),(109,96),(89,97),(108,104),(93,96),(98,108),(94,97),(103,98),(101,99),
(148,148),(150,50),(150,50),(149,51),(150,100),(50,50),(135,147),(146,53),(150,100),(50,100.01),(129,99),(150,100.01),(150,100.01),(122,65),(62,103),(130,100),(64,107),(136,131),(59,93),(150,100.01),(62,106),(122,100),(120,104),(73,89),(74,104),(76,96),(80,90),(118,95),(77,91),(123,107),(82,93),(92,122),(82,94),(116,96),(114,94),(110,98),(92,107),(91,101),(93,96),(96,104),(99,97),(99,99),(102,98),
(150,150),(150,50),(145,149),(150,50),(136,100),(129,59),(53,101),(140,100),(56,104),(144,141),(50,100.01),(50,100),(136,100),(129,104),(61,92),(61,102),(64,96),(70,90),(128,94),(67,83),(138,105),(70,93),(85,133),(71,93),(129,95),(128,94),(124,97),(83,117),(80,104),(83,90),(90,111),(97,82),(112,105),(89,106),(95,98),(95,102),(96,98),(101,99),(97,100),(98,99),(99,100),
(150,150),(145,100),(138,54),(50,100.01),(150,100),(50,100.01),(150,150),(50,100.01),(150,100),(138,103),(50,100.01),(50,100.01),(52,99),(59,93),(129,95),(59,73),(150,100.01),(59,96),(74,141),(59,96),(142,97),(142,96),(125,98),(72,127),(71,109),(73,82),(84,118),(91,69),(125,107),(77,110),(86,92),(84,107),(83,94),(112,98),(81,106),(80,97),(87,104),(106,102),(105,96),(106,99),(101,105),(101,104),(96,97),(102,97),(98,98),(98,99),(99,99),(100,100),(99,100),
(150,100),(148,50),(148,100),(50,100.01),(50,100.01),(135,100),(52,60),(50,100.01),(59,147),(50,100.01),(150,100.01),(150,100.01),(140,100),(61,138),(62,116),(64,72),(77,125),(82,59),(139,105),(63,108),(76,86),(73,109),(69,94),(124,97),(67,116),(64,89),(73,106),(116,105),(114,92),(121,96),(110,120),(109,117),(83,89),(111,91),(89,94),(86,92),(115,106),(86,96),(112,90),(110,108),(107,105),(105,101),(100,93),(96,97),(99,100),(98,100),
(150,50),(150,100.01),(145,100),(50,50),(50,150),(150,100),(51,149),(56,125),(56,62),(69,132),(69,53),(150,100.01),(50,100.01),(68,78),(61,106),(56,97),(125,98),(57,129),(55,77),(60,104),(126,106),(122,90),(132,89),(120,132),(117,128),(69,88),(119,88),(81,92),(74,90),(130,106),(72,95),(125,87),(126,112),(118,110),(115,102),(103,81),(84,88),(91,105),(110,96),(90,97),(101,105),(102,98),(99,99),(99,99),
(150,100),(50,150),(52,137),(50,50),(62,139),(52,50),(61,70),(50,100.01),(50,100.01),(136,100),(50,146),(50,59),(50,100.01),(136,104),(123,91),(141,80),(133,142),(128,137),(56,94),(128,87),(72,92),(62,92),(146,101),(58,97),(126,88),(142,105),(129,111),(125,102),(108,71),(72,77),(82,109),(122,95),(78,95),(107,120),(110,94),(88,92),(85,93),(90,97),(92,95),(95,98),(106,103),(92,101),(106,101),(107,98),(106,105),(103,98),(96,100),(97,98),(101,101),(100,100),(99,98),(98,99),
(50,150),(50,50),(54,146),(50,50),(54,59),(147,100),(50,150),(50,50),(147,101),(129,97),(147,67),(150,150),(141,145),(50,100.01),(138,90),(63,93),(50,100.01),(150,100.01),(50,100.01),(131,100),(150,100.01),(141,106),(135,102),(115,62),(60,64),(73,109),(123,96),(65,95),(116,133),(120,92),(76,89),(73,83),(75,96),(77,90),(85,95),(121,107),(77,106),(122,104),(124,96),(123,111),(115,95),(84,102),(80,94),(112,111),(113,108),(107,115),(113,102),(94,105),(107,99),(101,107),(106,101),(95,99),(96,97),(97,97),(101,100),(101,98),(98,98),(101,98),(96,102),
(50,150),(50,50),(150,100),(150,100.01),(137,100),(150,50),(150,150),(148,98),(53,98),(146,100),(150,100.01),(147,100),(126,55),(50,50),(62,107),(136,100),(50,99),(130,143),(130,93),(63,92),(61,71),(59,97),(60,93),(74,94),(137,105),(64,117),(140,102),(144,98),(142,105),(129,94),(69,102),(61,96),(124,123),(129,110),(119,130),(130,103),(84,113),(122,99),(106,122),(123,103),(82,97),(86,92),(85,90),(115,102),(113,92),(114,109),(82,111),(115,93),(85,102),(106,95),(110,97),(92,101),(96,104),(97,101),(100,100),(99,99),
(146,100),(150,100.01),(50,100.01),(150,100),(150,100.01),(138,51),(53,102),(149,100),(50,100.01),(147,149),(140,95),(50,99),(53,56),(50,100.01),(50,100.01),(64,95),(150,100.01),(55,129),(150,100.01),(150,100.01),(150,100.01),(143,97),(56,101),(50,100.01),(135,134),(143,104),(133,141),(146,100),(76,121),(123,100),(114,133),(140,102),(70,96),(77,90),(73,89),(128,103),(124,90),(128,111),(64,110),(118,96),(70,108),(115,91),(128,95),(75,103),(88,114),(86,109),(111,101),(114,102),(91,101),(91,96),(109,93),(95,107),(95,97),(93,98),(98,98),(99,99),(100,100),(99,100),(103,101),
(150,100),(150,50),(50,100.01),(150,100),(150,150),(150,100.01),(50,100.01),(50,50),(54,98),(50,146),(150,100.01),(50,100.01),(146,146),(150,100.01),(150,150),(150,100.01),(68,129),(137,100),(124,142),(150,100.01),(58,98),(67,90),(62,91),(141,101),(125,91),(142,105),(50,100.01),(133,100),(59,119),(125,89),(147,99),(57,101),(79,124),(75,118),(123,102),(128,102),(79,102),(75,93),(128,89),(85,122),(84,92),(75,97),(88,85),(86,91),(111,105),(110,96),(86,95),(107,101),(94,103),(94,96),(103,102),(100,99),(100,100),(98,101),(101,100),(97,98),
(50,100.01),(50,150),(150,150),(59,138),(150,100),(139,148),(50,100.01),(58,94),(50,99),(150,100.01),(130,100),(150,100.01),(150,100),(52,134),(126,90),(150,100.01),(50,100.01),(69,134),(65,129),(135,102),(143,101),(66,102),(60,95),(147,97),(72,135),(72,91),(57,98),(78,73),(74,89),(122,108),(123,95),(68,94),(126,103),(79,109),(77,91),(120,108),(111,95),(89,98),(116,90),(86,93),(111,105),(108,106),(100,100),(99,100),(99,99),(101,100),(98,100),(101,97),(102,101),
(51,147),(150,150),(50,100.01),(50,100.01),(141,100),(50,150),(129,97),(59,142),(57,139),(147,100),(150,100.01),(53,100),(50,100.01),(150,100.01),(57,146),(61,93),(50,100.01),(66,63),(61,92),(134,107),(124,96),(51,99),(144,101),(64,108),(61,94),(137,106),(121,90),(78,97),(133,90),(74,84),(122,114),(120,110),(111,104),(81,100),(77,96),(83,92),(113,93),(85,110),(87,94),(109,96),(107,93),(111,101),(109,104),(89,93),(109,107),(95,96),(95,96),(97,99),(97,99),(101,100),
(50,150),(150,100),(136,100),(50,150),(50,150),(150,100.01),(50,100.01),(50,150),(51,99),(54,53),(50,100.01),(144,103),(134,100),(50,100.01),(150,100.01),(50,100.01),(50,100.01),(150,100.01),(129,84),(68,97),(150,100.01),(64,73),(133,124),(131,110),(120,109),(64,100),(61,86),(66,92),(127,91),(68,111),(73,92),(121,94),(116,85),(126,106),(122,113),(70,91),(125,111),(88,90),(79,90),(86,99),(83,97),(91,96),(90,103),(88,106),(105,100),(104,98),(97,100),(98,99),(101,101),
(145,100),(50,100.01),(50,50),(150,100.01),(144,100),(135,77),(59,98),(55,62),(141,134),(142,105),(128,115),(50,100.01),(52,70),(50,100.01),(140,94),(52,102),(60,94),(122,95),(124,77),(137,114),(133,123),(52,97),(140,107),(82,85),(63,92),(76,98),(70,97),(81,95),(77,106),(71,108),(114,100),(114,95),(86,104),(84,98),(89,91),(110,106),(94,103),(94,93),(98,103),(103,102),(104,102),(99,102),(97,98),(98,99),(100,99),(99,99),(100,99),
(150,100),(150,100),(141,69),(50,100.01),(50,50),(148,147),(150,100.01),(136,122),(50,50),(150,100.01),(50,100.01),(50,100.01),(131,100),(133,68),(145,125),(143,136),(50,100.01),(150,100.01),(75,78),(50,100.01),(66,98),(56,98),(71,94),(63,104),(53,102),(123,100),(125,94),(75,105),(69,98),(76,88),(125,109),(84,106),(81,80),(94,114),(116,107),(122,105),(94,114),(82,92),(88,93),(109,96),(114,108),(88,106),(86,94),(103,109),(104,104),(105,104),(109,102),(92,103),(98,104),(103,101),(100,99),(99,101),
(146,59),(150,150),(142,131),(143,100),(141,59),(149,141),(150,150),(68,71),(55,99),(50,100.01),(61,96),(50,100),(50,100.01),(133,100),(126,95),(63,104),(54,99),(63,90),(141,105),(75,107),(69,67),(89,124),(130,108),(140,103),(87,125),(67,92),(77,91),(119,94),(130,109),(75,109),(68,93),(109,120),(110,112),(115,109),(126,110),(76,107),(93,118),(120,105),(89,101),(107,84),(97,106),(105,102),(94,96),(107,97),(95,100),(97,101),(101,101),(100,100),
(150,50),(147,141),(150,100),(149,50),(150,150),(62,65),(50,100.01),(51,99),(50,100.01),(143,100),(134,100),(52,100),(50,100.01),(50,99),(150,100.01),(65,106),(56,55),(82,133),(143,103),(150,100.01),(79,134),(52,98),(67,92),(129,94),(146,102),(63,107),(51,99),(116,130),(117,119),(125,110),(138,123),(61,105),(85,129),(137,103),(77,102),(118,70),(92,115),(120,104),(82,87),(124,88),(80,100),(85,107),(112,109),(89,98),(113,97),(112,102),(111,105),(106,98),(94,106),(105,98),(102,93),(102,105),(103,95),(96,101),
(150,150),(150,50),(56,58),(50,100.01),(150,100.01),(144,100),(50,100.01),(50,100.01),(56,103),(50,50),(73,139),(150,100.01),(69,141),(50,100.01),(56,95),(129,95),(150,100.01),(51,100),(50,100.01),(125,138),(123,126),(134,109),(146,138),(50,100.01),(75,138),(150,100.01),(67,102),(131,59),(87,123),(134,104),(71,78),(136,75),(64,100),(75,114),(123,112),(79,97),(130,97),(127,103),(124,113),(117,96),(82,119),(116,96),(110,78),(111,121),(113,80),(85,104),(101,107),(96,101),(102,96),(102,101),(99,99),
(50,50),(150,100),(50,100.01),(63,145),(57,147),(50,100.01),(133,100),(50,100.01),(136,144),(130,132),(144,104),(150,150),(64,145),(55,100),(147,51),(80,131),(149,100),(61,67),(146,59),(50,100.01),(66,123),(134,110),(68,97),(146,99),(143,101),(135,125),(128,95),(70,132),(127,95),(120,66),(123,134),(126,67),(73,105),(105,120),(87,104),(111,87),(114,106),(115,108),(89,98),(93,104),(110,96),(106,100),(106,97),(101,109),(107,93),(93,95),(102,98),(98,100),(98,98),
(50,50),(53,149),(50,150),(143,100),(148,149),(137,139),(150,100.01),(50,149),(50,100.01),(150,50),(73,137),(150,100.01),(53,55),(150,50),(59,132),(145,104),(57,98),(150,100.01),(150,100.01),(144,137),(129,96),(57,143),(128,96),(133,56),(137,144),(139,56),(61,104),(111,131),(77,106),(119,78),(126,107),(131,109),(77,96),(84,110),(123,93),(116,101),(117,94),(105,123),(123,88),(78,90),(118,90),(85,106),(84,92),(96,104),(106,95),(94,96),(108,101),(94,95),(97,101),(97,100),(101,99),(99,100),(100,100),(98,99),(98,98),(100,97),(103,98),
(50,150),(150,100),(150,150),(144,145),(50,150),(63,143),(50,50),(52,144),(150,100.01),(50,100.01),(150,150),(137,100),(50,150),(137,100),(150,50),(150,150),(150,50),(50,100.01),(120,139),(67,105),(128,69),(139,105),(148,100),(63,97),(75,118),(124,94),(126,102),(129,94),(114,136),(140,92),(62,92),(120,92),(74,114),(68,91),(88,113),(119,84),(81,91),(126,107),(77,89),(85,105),(83,100),(115,92),(81,104),(117,111),(116,103),(111,106),(98,109),(87,102),(104,97),(96,99),(97,98),(97,98),(98,99),(98,99),(99,100),(99,100),(97,102),
(150,150),(54,148),(50,150),(147,100),(148,100),(131,145),(58,103),(137,60),(150,100.01),(150,100.01),(50,99),(67,125),(136,100),(137,101),(141,96),(127,144),(150,100.01),(50,100.01),(133,100),(64,124),(53,97),(80,121),(130,74),(68,91),(139,118),(61,92),(73,106),(70,100),(128,91),(65,104),(134,110),(129,111),(125,108),(94,119),(72,103),(115,92),(85,98),(86,90),(79,91),(89,98),(80,90),(84,104),(117,96),(115,89),(104,96),(104,101),(101,99),(100,101),(99,99),(99,100),(99,99),(100,100),(103,100),
(50,150),(150,100),(150,100),(145,149),(50,100.01),(147,52),(50,100.01),(60,134),(150,100),(146,100),(150,100.01),(142,149),(149,100),(56,136),(50,100.01),(73,129),(140,62),(56,96),(147,134),(50,100.01),(62,105),(58,100),(142,95),(50,100.01),(150,100.01),(139,121),(138,106),(89,128),(56,101),(125,91),(74,98),(76,82),(62,93),(79,98),(66,79),(70,105),(119,98),(133,88),(118,89),(120,103),(115,96),(102,115),(86,86),(105,89),(109,100),(89,91),(87,97),(106,97),(104,99),(104,97),(94,100),(102,99),(97,101),(100,100),(98,99),
(150,150),(150,50),(54,143),(150,100.01),(150,150),(150,100),(50,149),(64,136),(150,50),(50,100.01),(150,150),(50,100),(50,100.01),(150,100.01),(146,135),(150,100.01),(82,135),(50,100.01),(126,92),(63,98),(67,73),(50,100.01),(69,98),(55,63),(55,102),(136,100),(150,100.01),(132,89),(137,102),(128,96),(107,127),(73,72),(111,79),(120,100),(79,82),(70,96),(120,93),(116,95),(120,91),(78,104),(115,98),(81,109),(91,92),(112,100),(94,100),(95,103),(95,97),(95,99),(95,96),(96,96),(100,101),(98,99),(99,99),(98,99),(103,99),
(50,150),(50,150),(56,144),(50,100.01),(150,150),(74,141),(130,100),(51,99),(59,63),(60,98),(50,50),(50,100.01),(150,100),(146,97),(150,100.01),(142,98),(114,137),(59,59),(118,71),(130,100),(69,72),(53,99),(121,94),(125,90),(121,92),(65,111),(126,94),(67,121),(81,88),(125,101),(84,101),(88,110),(85,93),(85,97),(86,88),(81,89),(110,115),(83,92),(101,113),(109,102),(85,101),(100,95),(101,99),(99,99),(101,99),(99,96),
(50,150),(66,146),(140,100),(50,100.01),(52,53),(50,99),(150,100.01),(150,100.01),(124,143),(50,50),(126,63),(140,100),(60,63),(50,100.01),(132,100),(133,84),(132,100),(57,121),(135,88),(57,134),(72,87),(138,100),(75,101),(80,117),(76,92),(75,97),(77,80),(67,89),(120,127),(71,83),(104,125),(118,106),(71,107),(102,83),(114,92),(91,92),(87,101),(104,114),(110,108),(102,108),(94,104),(102,99),(102,97),(102,100),(103,100),(102,98),(102,100),(101,99),(100,99),(100,100),(101,100),(102,101),
(54,149),(150,100),(50,50),(50,100.01),(136,148),(136,56),(150,100.01),(51,52),(147,100),(140,76),(148,100),(51,136),(142,80),(50,150),(62,90),(150,100.01),(65,101),(73,124),(66,93),(64,97),(68,71),(52,97),(133,138),(60,71),(110,135),(127,112),(60,116),(107,72),(129,91),(83,85),(71,102),(113,129),(124,121),(109,121),(79,111),(112,97),(113,84),(116,101),(120,101),(116,87),(116,103),(115,94),(83,109),(92,93),(87,90),(83,94),(94,113),(106,93),(93,96),(99,106),(104,97),(104,92),(94,98),(97,104),(94,102),(104,101),(101,94),(95,100),(100,98),
(50,150),(150,150),(147,51),(50,50),(150,100),(145,66),(150,100),(50,150),(147,69),(52,97),(55,100),(65,132),(56,96),(54,99),(59,62),(50,100.01),(147,148),(52,56),(119,142),(134,118),(53,130),(113,63),(144,96),(75,77),(55,100),(127,140),(137,135),(118,132),(65,109),(122,96),(125,72),(129,101),(138,100),(129,75),(127,110),(129,93),(66,110),(83,85),(74,79),(64,95),(84,127),(115,83),(84,90),(96,118),(114,91),(115,78),(78,95),(86,118),(76,105),(123,103),(110,76),(79,103),(103,82),(97,92),(93,102),(89,106),(100,109),(107,104),(103,100),(100,100),(99,100),(100,99),(101,101),(102,100),(97,100),
(150,50),(149,53),(149,54),(50,100.01),(50,100.01),(57,141),(50,100.01),(50,100.01),(50,51),(150,150),(50,50),(132,147),(141,127),(50,150),(123,56),(150,100.01),(66,68),(50,100.01),(145,148),(150,150),(130,141),(50,100.01),(123,97),(138,59),(144,100),(150,100.01),(141,61),(137,119),(144,97),(50,100.01),(74,76),(61,65),(50,100.01),(70,140),(125,73),(75,82),(90,128),(123,83),(128,65),(61,96),(73,132),(57,102),(143,101),(125,61),(64,110),(110,68),(91,81),(82,108),(70,109),(106,126),(125,109),(115,100),(109,110),(116,94),(85,105),(80,88),(83,95),(113,97),(86,95),(107,98),(89,104),(90,101),(106,97),(96,99),(102,98),(101,100),(99,100),(99,99),(101,98),
(150,50),(150,50),(50,150),(50,50),(148,149),(146,138),(135,52),(57,58),(150,150),(146,148),(132,100),(150,50),(150,100.01),(150,50),(145,132),(150,100.01),(65,67),(50,50),(51,149),(135,63),(66,73),(83,137),(132,74),(144,53),(50,100.01),(57,144),(50,100.01),(150,100.01),(146,51),(55,123),(121,58),(84,71),(73,115),(51,100),(116,139),(143,104),(128,100),(120,121),(130,84),(72,113),(59,92),(64,96),(127,90),(64,95),(121,96),(70,106),(74,107),(121,95),(84,97),(115,90),(114,103),(116,98),(112,108),(93,106),(89,105),(88,99),(107,102),(106,100),(105,98),(94,101),(94,99),(95,98),(98,99),(100,100),(101,98),
(150,150),(150,150),(150,50),(50,50),(150,150),(143,100),(149,147),(57,58),(50,50),(50,150),(146,53),(59,64),(73,143),(140,65),(150,50),(50,150),(150,50),(50,140),(135,52),(76,63),(65,123),(50,100.01),(130,147),(150,100.01),(141,100),(130,131),(141,72),(62,123),(50,100.01),(50,100.01),(138,80),(50,100.01),(122,97),(51,100),(62,116),(122,96),(72,97),(126,80),(125,109),(118,100),(124,111),(85,114),(75,108),(73,99),(119,105),(117,100),(117,96),(78,104),(81,97),(75,95),(82,94),(111,101),(80,110),(109,95),(90,102),(92,104),(105,99),(99,96),(95,100),(99,102),(103,101),
(150,100),(150,150),(50,50),(150,50),(52,54),(62,148),(146,55),(50,150),(150,50),(66,56),(58,132),(150,150),(150,100.01),(140,141),(148,56),(55,135),(145,68),(133,100),(50,100.01),(54,129),(135,100),(60,98),(136,70),(134,117),(133,100),(137,108),(77,122),(62,106),(59,99),(131,105),(129,100),(129,96),(62,103),(70,93),(55,98),(66,94),(122,102),(59,106),(120,88),(78,106),(81,108),(123,98),(96,83),(78,102),(106,80),(86,96),(87,101),(88,105),(89,92),(106,105),(107,105),(101,100),(99,100),(99,98),(102,100),(102,97),(97,99),(97,98),
(50,50),(50,150),(150,50),(56,52),(53,141),(150,150),(150,50),(50,149),(149,54),(145,100),(50,144),(148,100),(50,100.01),(144,59),(141,126),(148,100),(148,101),(70,129),(50,100.01),(50,100.01),(142,102),(139,100),(140,97),(50,100.01),(62,87),(50,100.01),(51,99),(132,102),(50,100.01),(129,80),(69,112),(70,108),(140,98),(91,72),(63,102),(117,64),(72,95),(69,101),(72,107),(71,88),(121,110),(123,110),(115,100),(84,110),(104,115),(83,101),(84,110),(116,104),(107,105),(90,97),(90,98),(91,103),(113,102),(101,100),(100,99),(99,99),(99,99),(100,99),
(50,50),(50,150),(50,150),(150,50),(150,100),(50,150),(150,100),(150,50),(146,136),(150,100),(150,100.01),(63,136),(150,100.01),(150,100.01),(150,100.01),(56,79),(50,100.01),(142,101),(137,71),(62,120),(60,105),(150,100.01),(85,64),(50,100.01),(133,54),(57,97),(50,100),(55,103),(53,96),(135,108),(140,106),(129,100),(69,111),(111,129),(68,107),(67,110),(131,114),(116,112),(77,95),(77,94),(80,109),(131,111),(119,103),(111,90),(80,95),(95,76),(88,102),(98,113),(110,97),(107,93),(103,109),(102,94),(94,99),(96,99),(99,99),(99,99),
(149,148),(56,143),(52,69),(150,100.01),(144,61),(56,129),(50,100),(76,57),(150,50),(50,100.01),(50,100.01),(50,100.01),(50,100.01),(149,100),(150,100.01),(142,100),(54,103),(122,139),(58,117),(50,100),(142,128),(124,120),(64,96),(67,88),(70,116),(143,125),(137,102),(121,81),(61,96),(83,60),(76,103),(93,127),(125,95),(119,88),(114,125),(109,83),(79,98),(83,99),(109,109),(117,107),(106,104),(105,96),(107,101),(97,99),(96,101),(100,99),(102,101),
(150,150),(50,150),(50,58),(149,50),(52,140),(50,100.01),(66,53),(150,100.01),(150,100.01),(50,100.01),(135,146),(52,130),(50,100.01),(149,145),(132,128),(52,99),(59,80),(62,125),(149,145),(150,100.01),(130,72),(50,100.01),(65,51),(64,103),(84,137),(126,96),(130,88),(127,138),(116,74),(64,98),(70,99),(118,118),(134,107),(117,108),(115,93),(125,103),(86,96),(80,104),(88,102),(86,90),(111,93),(90,96),(93,99),(109,107),(105,103),(96,95),(103,101),(103,97),(99,99),
(50,50),(150,50),(50,150),(55,50),(150,150),(50,147),(150,150),(139,136),(50,100.01),(54,69),(56,135),(150,150),(139,63),(50,50),(52,100),(73,144),(139,100),(141,93),(144,147),(125,66),(50,99),(58,99),(127,127),(150,100.01),(128,109),(125,92),(143,101),(75,96),(63,103),(77,104),(72,77),(125,90),(77,90),(82,98),(124,111),(115,107),(88,85),(112,106),(113,92),(95,86),(87,104),(103,105),(93,101),(96,98),(103,100),(98,100),(99,99),(99,99),(100,100),
(50,50),(50,150),(146,145),(50,57),(51,146),(147,53),(50,100.01),(59,149),(150,100),(150,100.01),(150,150),(134,58),(50,100.01),(50,100.01),(136,136),(139,106),(126,93),(150,100.01),(64,96),(50,100.01),(65,103),(60,63),(126,91),(67,82),(72,98),(139,107),(125,108),(79,75),(122,108),(123,90),(88,75),(69,105),(111,116),(78,102),(85,94),(117,102),(83,104),(88,95),(112,104),(90,92),(113,108),(95,90),(111,104),(106,96),(93,105),(104,99),(100,96),(101,99),(99,100),(100,100),(100,100),
(150,150),(50,50),(50,150),(150,50),(50,150),(145,52),(145,145),(149,100),(131,100),(53,98),(54,101),(50,50),(133,100),(59,71),(62,98),(150,100.01),(136,106),(70,66),(132,107),(124,91),(79,66),(51,100),(120,125),(63,102),(74,93),(132,102),(71,110),(77,93),(124,110),(80,83),(131,110),(86,77),(128,106),(115,90),(75,111),(117,97),(103,81),(120,92),(89,102),(114,104),(83,94),(110,105),(96,98),(97,102),(101,99),(100,99),(100,100),(101,99),(100,101),
(150,50),(150,150),(150,100.01),(140,100),(50,100.01),(50,100.01),(147,100),(53,59),(51,99),(146,102),(61,58),(142,104),(129,98),(69,58),(50,100.01),(129,134),(50,100.01),(63,94),(146,100),(62,119),(66,94),(133,118),(71,74),(149,100),(77,67),(145,102),(123,83),(58,106),(130,97),(109,70),(122,94),(80,103),(127,105),(66,94),(125,108),(84,94),(84,109),(110,99),(118,94),(89,93),(88,104),(96,89),(104,94),(92,100),(97,100),(100,98),(97,99),
(150,100),(150,100),(50,50),(50,100.01),(150,100.01),(51,50),(150,100.01),(138,100),(58,52),(138,142),(52,98),(150,100.01),(55,130),(55,97),(141,128),(62,65),(150,100.01),(66,58),(150,100.01),(131,76),(50,100.01),(143,98),(117,61),(137,100),(71,103),(141,103),(50,99),(140,104),(71,93),(72,110),(119,99),(120,96),(78,90),(75,106),(91,79),(110,86),(78,100),(84,103),(102,80),(113,103),(108,96),(92,96),(101,98),
(50,50),(147,100),(50,50),(148,149),(50,100.01),(51,143),(50,100.01),(146,140),(54,56),(53,51),(138,68),(150,100.01),(127,54),(150,100),(62,102),(150,100.01),(50,100.01),(150,100.01),(59,95),(59,106),(128,99),(134,100),(67,91),(63,105),(85,70),(116,79),(63,100),(71,103),(104,78),(128,104),(117,90),(77,93),(89,109),(92,101),(91,102),(107,101),(107,96),(104,97),(101,100),(100,98),
(150,100),(150,150),(50,150),(150,150),(50,50),(50,50),(144,60),(140,51),(53,100),(50,100.01),(50,100.01),(129,100),(150,100),(56,95),(51,100),(77,62),(123,72),(50,100.01),(58,102),(113,69),(143,101),(126,83),(62,95),(78,120),(80,102),(79,103),(118,102),(121,93),(115,93),(112,105),(98,109),(89,92),(89,93),(103,97),(96,98),(96,100),(97,98),(97,101),(100,97),
(149,51),(150,50),(50,100.01),(136,100),(50,100.01),(50,100.01),(68,57),(129,65),(50,100.01),(123,59),(150,100.01),(134,76),(50,100.01),(67,131),(70,102),(67,103),(128,103),(122,94),(127,93),(124,107),(95,118),(75,88),(75,89),(112,92),(87,96),(86,100),(83,94),(80,106),(97,112),(94,101),(103,98),(103,97),(99,100),(100,100),
(150,50),(144,100),(59,52),(136,60),(132,50),(140,68),(57,141),(59,101),(55,101),(139,102),(132,100),(128,94),(135,106),(92,126),(62,91),(61,92),(121,90),(79,95),(76,100),(70,93),(65,106),(93,123),(85,103),(113,95),(116,92),(87,106),(85,97),(103,94),
(150,100),(50,50),(142,55),(145,50),(145,60),(50,150),(50,100),(50,100.01),(148,100),(143,100),(133,100),(145,102),(87,132),(50,100.01),(50,100.01),(128,90),(71,95),(67,100),(58,96),(50,100),(87,132),(77,103),(122,94),(129,91),(77,108),(71,97),(111,84),(92,101),(102,101),(98,99),(99,100),(100,100),
(149,50),(150,50),(149,51),(50,100.01),(150,100.01),(150,100),(143,100),(150,100.01),(82,138),(129,91),(63,96),(59,100),(50,100.01),(50,100.01),(79,139),(70,103),(123,95),(141,95),(66,107),(57,98),(120,74),(81,103),(111,103),(88,96),(89,106),(104,107),(89,92),(105,99),(95,101),(98,99),(101,100),(100,100),
(150,50),(150,50),(150,100),(75,142),(129,98),(55,98),(50,100),(70,144),(62,102),(129,100),(150,100.01),(55,103),(50,100.01),(130,65),(71,103),(119,105),(80,91),(79,109),(109,113),(74,89),(116,97),(85,103),(89,97),(110,100),(87,94),(103,98),(98,105),(103,98),(98,100),(100,99),(100,99),
(67,146),(136,100),(50,100.01),(50,100.01),(58,148),(53,101),(139,100),(50,100.01),(141,56),(59,102),(129,105),(71,85),(69,109),(114,120),(58,93),(127,92),(73,104),(80,96),(120,101),(74,86),(112,95),(92,118),(113,93),(88,100),(103,82),(86,104),(93,106),(88,95),(93,103),(107,99),(93,94),(105,104),(105,104),(99,100),(100,99),
(58,148),(144,100),(50,150),(50,100.01),(149,100),(150,50),(50,100.01),(138,103),(64,78),(58,105),(120,126),(50,100.01),(135,86),(62,103),(70,96),(130,101),(64,75),(120,91),(84,129),(123,87),(78,100),(111,68),(72,105),(86,114),(74,87),(85,107),(118,98),(83,89),(120,110),(119,111),(89,103),(91,100),(106,98),(109,93),(93,103),(98,91),(100,104),(99,102),(97,101),(99,99),(101,101),
(50,150),(150,100),(150,100),(148,100),(58,70),(50,100.01),(126,132),(142,78),(50,100),(61,97),(140,100),(55,63),(127,86),(74,138),(131,79),(69,100),(122,58),(58,102),(78,122),(63,75),(76,109),(130,98),(73,88),(135,108),(134,110),(79,105),(83,100),(115,97),(123,90),(80,106),(94,76),(102,114),(95,111),(82,107),(91,95),(85,92),(95,97),(96,101),(105,95),(98,104),(104,102),(99,103),(100,100),(99,99),(101,99),(102,99),
(150,100.01),(53,59),(134,138),(146,67),(50,100.01),(51,99),(150,100.01),(50,50),(134,79),(61,146),(139,70),(58,100),(138,51),(50,100.01),(69,131),(54,60),(66,107),(142,99),(62,91),(150,100.01),(150,100.01),(69,105),(74,101),(125,97),(124,91),(66,106),(85,63),(107,124),(91,121),(65,106),(83,90),(68,91),(85,90),(86,104),(120,88),(94,116),(120,106),(96,120),(96,90),(115,104),(91,105),(87,99),(93,99),(103,100),(104,100),(94,98),(103,99),(100,100),
(50,50),(142,144),(149,53),(50,100.01),(140,71),(50,150),(146,59),(50,100.01),(150,50),(60,140),(50,50),(56,104),(150,100.01),(51,98),(58,103),(65,100),(126,98),(135,100),(51,100),(71,54),(112,133),(84,129),(50,100.01),(75,84),(50,99),(75,81),(75,105),(137,90),(87,127),(137,105),(88,134),(92,81),(133,105),(80,109),(74,95),(80,98),(113,100),(116,102),(77,97),(115,96),(113,106),(88,105),(90,98),(104,108),(95,102),(102,104),(97,105),(107,94),(106,102),(102,98),(100,99),(100,100),(101,101),
(150,150),(150,50),(145,61),(150,50),(50,149),(50,100.01),(50,100.01),(50,100.01),(55,100),(136,100),(150,100),(50,100.01),(52,50),(121,140),(76,136),(67,77),(50,100.01),(65,71),(64,104),(150,100.01),(77,137),(150,100.01),(75,144),(86,72),(150,100.01),(69,109),(63,88),(66,98),(124,101),(127,107),(59,98),(126,91),(127,108),(70,107),(74,97),(115,123),(86,109),(110,114),(90,117),(127,90),(126,105),(113,92),(119,91),(82,89),(87,92),(88,104),(106,96),(105,98),(101,100),(99,100),(99,100),(100,100),(102,97),
(149,51),(50,150),(50,100.01),(146,100),(50,50),(131,145),(67,143),(61,69),(56,60),(53,101),(65,144),(58,149),(79,65),(59,106),(56,78),(53,99),(135,100),(136,114),(50,100.01),(135,84),(141,104),(53,101),(57,98),(128,135),(77,116),(118,123),(82,127),(146,97),(145,101),(124,90),(134,79),(64,90),(73,90),(73,106),(119,87),(123,96),(120,103),(87,102),(90,113),(109,104),(83,110),(94,98),(106,102),(106,102),(106,101),(107,101),(95,102),(96,97),(103,97),(99,100),(98,99),(97,101),
(150,50),(150,100),(143,149),(56,147),(55,60),(50,50),(50,100.01),(51,149),(50,150),(71,59),(50,100.01),(51,65),(50,100.01),(146,100),(143,123),(142,74),(150,100.01),(50,100.01),(50,100.01),(143,146),(69,124),(127,132),(72,136),(150,100.01),(150,100.01),(125,91),(145,62),(50,100.01),(59,94),(58,104),(131,76),(141,97),(135,111),(74,103),(79,125),(118,109),(63,109),(83,97),(119,105),(122,106),(124,102),(127,103),(80,106),(79,90),(119,89),(112,85),(109,103),(111,93),(88,104),(106,96),(97,100),(98,98),(101,100),(98,98),
(150,150),(50,150),(50,50),(50,150),(61,54),(50,50),(150,100.01),(147,135),(147,62),(150,150),(62,133),(137,141),(60,144),(130,100),(150,50),(50,100.01),(50,100.01),(141,64),(150,100.01),(145,126),(61,102),(66,137),(127,115),(50,100.01),(72,97),(133,104),(138,104),(143,101),(147,100),(65,106),(62,92),(135,90),(126,70),(119,109),(126,91),(73,106),(123,84),(79,104),(80,90),(87,96),(117,110),(89,101),(111,101),(108,101),(93,103),(95,101),(106,94),(95,102),(101,103),(102,98),(101,99),(100,100),(100,99),
(50,50),(50,50),(150,150),(150,50),(54,142),(148,148),(50,150),(142,100),(150,50),(149,146),(50,100.01),(52,148),(134,123),(61,97),(147,100),(150,100.01),(150,100.01),(150,100.01),(50,100),(50,100.01),(150,100.01),(141,57),(128,116),(140,94),(57,103),(137,68),(65,112),(62,92),(74,95),(136,109),(75,101),(128,101),(125,102),(79,107),(82,102),(126,88),(77,113),(111,120),(119,85),(119,96),(118,108),(83,109),(84,105),(90,93),(89,98),(105,100),(104,91),(95,97),(102,98),(101,100),(100,100),(100,99),(101,101),(97,97),
(50,50),(50,150),(150,150),(150,100),(150,150),(50,150),(140,131),(51,99),(150,100.01),(50,100.01),(150,50),(136,124),(150,100.01),(50,100.01),(149,51),(56,125),(50,100.01),(61,96),(150,100.01),(62,101),(144,100),(142,101),(66,106),(70,103),(145,96),(64,126),(125,134),(133,71),(121,98),(133,121),(66,109),(66,105),(78,83),(71,98),(116,101),(115,75),(77,92),(117,90),(114,105),(116,110),(104,86),(80,89),(112,111),(107,94),(92,96),(102,110),(99,91),(104,97),(97,100),(99,99),(98,99),(99,100),(96,102),
(146,140),(50,100.01),(142,133),(150,50),(51,141),(50,100.01),(50,100.01),(150,100.01),(150,100.01),(52,101),(58,101),(150,100.01),(53,142),(141,145),(146,55),(136,100),(144,136),(50,100),(50,100.01),(67,72),(53,99),(127,101),(130,61),(59,95),(130,79),(127,106),(132,110),(110,75),(60,92),(126,125),(117,86),(81,92),(109,124),(94,75),(118,92),(85,103),(88,92),(78,92),(111,93),(113,94),(87,92),(93,111),(94,97),(96,97),(100,99),(100,100),(96,100),
(150,150),(147,143),(50,150),(50,100.01),(50,100.01),(50,150),(150,150),(150,50),(150,100),(150,150),(50,100.01),(58,61),(50,100.01),(137,101),(146,51),(50,100.01),(140,67),(139,104),(147,101),(117,66),(50,100.01),(139,138),(125,78),(71,92),(118,135),(87,64),(130,92),(75,107),(78,90),(63,80),(120,86),(129,93),(73,82),(82,126),(83,91),(86,90),(112,95),(88,98),(112,101),(95,97),(107,94),(105,98),(105,97),(103,98),(102,101),(98,100),
(150,150),(50,50),(148,100),(150,50),(148,52),(150,100.01),(150,100.01),(126,59),(150,150),(133,70),(61,94),(130,143),(76,56),(143,96),(67,113),(68,90),(54,64),(129,78),(145,97),(61,69),(68,138),(73,84),(76,88),(123,88),(75,97),(125,104),(85,93),(123,88),(118,95),(121,94),(119,93),(119,108),(89,106),(97,115),(110,99),(111,100),(95,97),(100,100),
(150,100.01),(150,50),(136,54),(140,62),(51,99),(143,148),(63,51),(150,100.01),(60,120),(58,94),(50,50),(136,70),(150,100.01),(52,55),(53,148),(65,76),(66,89),(132,81),(64,97),(135,110),(76,92),(124,89),(130,95),(122,95),(120,94),(135,106),(81,113),(91,130),(124,98),(128,101),(86,91),(111,106),(110,93),(107,101),(90,104),(106,96),(102,100),(98,98),(99,100),(99,99),(100,99),(98,99),(97,100),
(147,50),(147,53),(50,100.01),(150,150),(50,50),(55,129),(50,100.01),(143,61),(50,50),(50,150),(58,67),(56,94),(139,72),(52,99),(142,119),(67,92),(132,100),(142,97),(134,100),(133,100),(150,100.01),(73,120),(80,141),(125,99),(144,100),(77,85),(121,114),(127,89),(121,103),(74,107),(119,92),(113,104),(80,88),(89,103),(90,87),(94,115),(111,108),(109,99),(106,97),(96,95),(94,104),(95,104),(101,99),(100,100),(97,101),
(150,50),(150,50),(52,139),(149,50),(52,55),(50,100.01),(146,60),(50,100.01),(147,131),(58,95),(149,100),(150,100.01),(150,100),(150,100),(66,128),(63,148),(140,100),(150,100.01),(69,76),(131,123),(145,96),(135,102),(55,103),(120,93),(123,110),(61,91),(77,104),(80,75),(86,129),(124,120),(121,96),(118,89),(84,84),(79,110),(77,111),(118,95),(85,90),(113,93),(91,98),(111,97),(92,106),(91,93),(91,97),(94,96),(109,102),(101,104),(98,101),(100,100),(99,99),(102,99),
(50,150),(150,50),(50,50),(150,50),(149,147),(50,100.01),(150,100),(58,136),(50,150),(150,100),(61,67),(140,134),(150,100.01),(150,100.01),(50,100.01),(132,100),(132,118),(50,100.01),(66,104),(67,63),(73,140),(137,133),(130,92),(130,79),(73,72),(62,108),(59,107),(120,97),(69,89),(129,91),(80,97),(127,96),(80,116),(78,88),(77,95),(83,89),(127,103),(108,120),(90,113),(108,112),(116,109),(83,105),(88,103),(107,95),(89,102),(95,101),(105,102),(101,98),(101,99),(98,100),(100,100),(99,99),(99,100),(100,99),(101,101),(103,97),
(150,150),(51,147),(53,56),(148,147),(148,100),(141,129),(53,101),(52,52),(55,148),(149,149),(139,84),(140,66),(59,59),(50,100.01),(50,100.01),(138,100),(52,97),(148,98),(67,97),(145,98),(68,128),(62,91),(62,96),(73,81),(148,100),(119,133),(79,125),(119,124),(132,123),(66,118),(66,103),(122,90),(67,103),(81,104),(126,106),(115,88),(122,89),(81,111),(111,103),(115,105),(112,97),(87,108),(86,84),(81,106),(116,103),(111,93),(113,96),(89,92),(90,98),(88,93),(110,95),(93,103),(104,100),(103,100),(101,100),(99,101),(100,99),(99,99),(99,99),
(50,150),(50,50),(150,150),(150,100),(147,141),(50,100.01),(50,50),(50,150),(150,150),(145,74),(149,51),(50,50),(150,100),(50,100.01),(150,100.01),(55,99),(150,100.01),(56,141),(50,100.01),(50,100.01),(64,71),(150,100.01),(133,144),(68,135),(131,135),(144,140),(55,135),(50,100.01),(123,91),(50,100.01),(68,104),(148,101),(127,77),(138,74),(67,125),(123,104),(131,105),(125,96),(75,118),(71,68),(59,104),(136,102),(126,90),(116,99),(74,79),(77,94),(67,91),(128,93),(78,112),(123,104),(116,103),(117,104),(89,120),(81,110),(108,116),(105,110),(110,95),(107,105),(110,98),(89,103),(91,106),(93,94),(101,101),(99,102),(97,102),
(150,150),(149,61),(150,50),(50,100.01),(50,150),(55,59),(150,150),(54,146),(144,146),(150,150),(50,150),(134,100),(53,101),(150,100.01),(139,64),(149,52),(54,142),(135,103),(147,100),(126,97),(64,130),(53,52),(50,100.01),(150,100.01),(142,95),(135,100),(60,63),(66,87),(50,100.01),(148,99),(65,124),(137,113),(131,103),(133,104),(74,137),(60,107),(121,131),(112,120),(125,92),(119,110),(125,93),(66,104),(70,111),(70,88),(116,117),(107,85),(114,92),(92,95),(90,101),(93,101),(100,95),(96,100),(100,101),
(150,50),(50,50),(50,150),(150,150),(148,100),(50,100.01),(148,51),(150,50),(50,150),(146,101),(150,100.01),(137,100),(55,142),(50,50),(150,100.01),(150,100),(50,50),(58,78),(150,100.01),(56,137),(146,126),(144,101),(148,100),(56,147),(50,100.01),(136,143),(120,129),(126,93),(130,110),(136,85),(50,100.01),(52,101),(50,100.01),(131,132),(117,72),(129,90),(78,91),(70,102),(79,102),(103,80),(75,102),(96,77),(109,105),(103,117),(110,91),(111,99),(98,110),(93,102),(104,101),(93,96),(101,93),(100,99),(99,100),
(150,100),(150,50),(150,100.01),(148,100),(50,150),(53,68),(50,150),(149,143),(150,100.01),(150,100.01),(50,150),(150,150),(128,136),(134,100),(141,106),(144,74),(50,100.01),(145,145),(128,62),(144,96),(65,92),(52,100),(66,102),(104,79),(55,100),(85,61),(120,113),(112,134),(124,78),(129,99),(94,125),(81,104),(115,105),(73,92),(110,75),(119,97),(86,114),(91,104),(87,93),(107,110),(102,97),(101,99),(98,99),(99,99),(99,99),(100,99),(100,98),(97,100),
(150,100),(50,55),(150,150),(137,143),(147,100),(150,100.01),(148,61),(150,150),(141,53),(150,100.01),(52,98),(50,100.01),(54,100),(112,71),(50,100.01),(67,52),(130,122),(127,145),(137,65),(147,99),(86,136),(69,104),(127,105),(54,97),(122,61),(120,98),(72,128),(80,106),(70,91),(118,123),(112,88),(112,97),(78,92),(86,93),(119,109),(88,102),(92,111),(110,99),(102,112),(92,92),(104,91),(103,94),(96,99),(103,97),(100,99),(100,98),(98,100),(100,103),
(50,50),(146,148),(150,100),(150,50),(150,50),(50,100.01),(50,100.01),(119,64),(50,50),(138,131),(147,149),(148,51),(150,100.01),(76,143),(58,102),(137,104),(50,100.01),(138,53),(136,100),(58,141),(69,106),(54,97),(130,135),(122,79),(123,97),(64,81),(73,92),(138,107),(78,103),(83,122),(122,99),(107,125),(80,82),(114,77),(114,80),(85,98),(120,89),(85,108),(92,112),(110,98),(97,84),(105,104),(92,110),(104,96),(88,95),(100,100),(101,99),(102,99),
(150,150),(127,56),(145,141),(150,150),(150,50),(62,148),(50,100.01),(148,100),(150,50),(150,100),(50,150),(59,104),(50,100.01),(143,145),(131,69),(124,98),(55,66),(61,94),(150,100.01),(67,103),(74,131),(123,100),(116,136),(70,71),(126,65),(126,67),(73,98),(121,90),(70,109),(81,125),(122,97),(91,69),(113,109),(80,124),(112,89),(70,93),(90,96),(85,106),(84,105),(112,92),(112,103),(86,98),(109,94),(94,95),(105,103),
(135,50),(150,150),(50,150),(150,100.01),(50,100.01),(150,150),(139,60),(133,100),(50,50),(50,100.01),(57,101),(64,140),(133,100),(126,143),(60,61),(139,55),(138,57),(63,98),(132,100),(56,104),(71,135),(123,98),(81,59),(119,115),(68,135),(119,83),(52,98),(82,91),(70,107),(70,114),(126,89),(129,104),(71,92),(122,85),(78,89),(119,108),
(143,50),(147,52),(141,100),(50,100.01),(55,146),(143,100),(137,147),(51,52),(150,50),(150,50),(54,99),(146,100),(50,100.01),(60,143),(132,100),(70,53),(125,120),(56,145),(125,77),(50,100.01),(76,87),(57,103),(60,125),(140,93),(144,101),(61,84),(132,75),(65,91),(131,108),
(150,50),(150,50),(150,100),(50,150),(150,100),(150,150),(50,50),(50,100.01),(150,100),(50,150),(142,100),(57,50),(130,126),(50,150),(130,72),(70,82),(50,100.01),(54,137),(150,100.01),(150,100.01),(54,73),(141,64),(52,98),(143,104),
(150,100),(50,50),(134,131),(135,66),(65,77),(50,150),(51,61),(148,53),(50,100.01),(150,100.01),
(138,135),(139,62),(61,72),(50,50),(150,50),
(142,139),(143,58),(58,68),
(144,143),(146,54),(56,64),
(147,146),(149,50),(54,60),
(150,150),(150,50),(52,55),
(50,51),
(50,50),

























































