280
509
1516
1691
1723
1861
1873
2598
2712
3145
3480
3950
4142
4302
4387
5397
5503
6001
7182
7292
7474
7575
7614
8097
8411
8625
8640
8754
8961
9696
10197
10769
10879
11101
11164
12126
12171
12390
12445
12713
13345
13422
13488
13802
14284
14702
15107
15259
15365
15800
15825
16167
16201
16528
16836
17289
17410
17675
18625
19206
19541
19621
19962
20067
20098
20399
20554
20878
21108
21117
21159
21378
21455
21923
22414
22432
22547
22575
22901
23238
23701
23703
24026
24260
24606
26449
26537
26701
26837
27347
28907
29179
29563
30227
30801
30892
30971
31468
32042
32075
32379
32417
32579
33092
33276
33336
33447
33473
33695
33887
34018
34927
35109
35176
35750
36070
36194
36370
36660
36875
36913
37211
37915
38108
38627
38667
38967
39016
40198
40660
40900
40935
41042
41108
41143
41302
41362
41418
42507
42747
42872
42886
43335
44220
44345
44387
44519
44645
44685
44800
45666
46254
46257
46505
46528
46654
47999
48016
48059
48385
48598
48962
49284
49450
50326
50572
51197
52036
52209
52425
52829
53511
53918
54218
54547
55148
55347
55533
55597
55636
55686
55976
56101
56559
56789
57310
57350
57760
58590
59636
59870
59914
60047
60047
60071
60081
60219
60253
60477
60477
60512
61336
61348
61473
61695
62266
62300
62484
62616
63270
63449
63504
63535
63861
64064
65524
65750
66126
66364
66481
66505
66923
67097
67428
67484
67616
67795
67808
68092
68096
68411
68473
68507
68688
69759
69862
70634
71249
71558
72870
72922
73368
73580
73840
74012
74017
74235
74616
76328
76342
77068
77373
77522
77838
79007
79320
79749
80057
80791
81076
81249
81478
82032
82086
82186
82493
82553
82570
82953
83065
83378
83698
83933
84148
84216
85372
85430
85703
85951
85981
86178
86372
86760
86999
87040
87173
87271
87360
87388
87754
87842
87865
88008
89307
89459
89938
89960
90133
90316
90736
90765
91474
92582
92922
93071
93559
94058
94496
95187
96137
96647
96675
96944
97461
97560
97810
97891
97971
99239
99722
99978
100355
101992
102160
102579
102705
102893
102959
102961
103502
103787
103830
103866
104019
104429
104896
105636
105689
105756
105920
105954
106901
107310
107568
108409
108514
108729
108954
109031
109181
109251
109941
109948
110596
110824
110826
110966
110982
111054
111282
111631
111665
111687
112448
112485
112540
112697
113385
113828
114133
114476
115408
115694
116223
116226
116962
117388
117391
117455
117507
117536
117577
117580
117898
117952
118223
118264
118498
118785
118884
119334
119578
119911
120007
120128
120158
120485
120642
120671
121251
121290
121610
121903
122223
122450
122751
122791
123350
123875
123912
124808
124966
125167
125347
125405
125489
126122
126350
126406
126729
127061
128114
128233
128278
128608
129015
129179
129386
129397
129700
129885
131814
131849
131911
132096
132149
132255
132308
132503
132572
132823
132968
133007
133089
133105
133839
133925
134120
134958
135237
135490
135677
136009
136630
136932
137522
138004
138062
138445
138848
138960
138964
139182
139284
139389
139674
139758
139791
140288
140436
140516
140749
140905
141057
141441
141781
142400
142484
143437
143905
143920
143944
144292
144394
144649
145083
145539
145603
145660
145924
146304
146380
146637
146730
146749
146898
148764
149262
149266
149606
150256
150757
150888
150926
151015
151331
151439
151552
151703
152369
152457
152470
153820
153837
154194
154200
154291
154559
154622
155030
155081
155153
155381
155538
155694
155853
156715
157222
157236
157530
157630
157749
157767
157955
158261
159716
159941
160281
160416
160521
160629
160700
160703
161129
162039
162140
162398
162445
162797
162799
163376
163399
164353
164486
164547
164737
164767
165143
165602
165616
165933
166116
166304
167578
168368
168414
168902
168993
169174
169560
170061
170398
170522
170528
170565
170628
170702
170755
171175
171278
171307
171387
171697
171816
171985
172380
172411
172481
172872
172943
172989
173018
173053
173156
173452
174613
174732
174905
175038
175314
175736
176437
176546
176631
176718
176852
176979
177558
177743
177805
177926
178214
178781
178906
179303
179672
179681
180042
180316
180347
180870
180990
181424
181604
181636
182007
182322
182610
182907
183492
183498
183692
184819
184921
184968
185970
186269
186744
186846
187076
187360
187498
188396
188540
188919
189013
189059
189076
189323
189449
189587
189671
189760
191338
191355
191359
191410
191574
192130
192396
192509
192914
192924
193227
193486
194329
194361
195361
195595
195990
196453
196563
197183
197411
197584
197926
197966
198044
198359
198606
198886
198936
199708
200506
200973
201271
201558
201735
202110
202210
202456
202499
202991
203070
203181
203260
203973
204066
204346
204728
204768
204786
205009
205890
206867
207022
207101
207554
207719
207817
207973
208419
208977
209761
209946
210588
210822
211573
213049
213487
213577
213586
213839
214389
214984
215641
216016
216043
216758
216759
216788
217264
217337
218055
218519
219361
219614
220066
220220
221466
223250
223985
224342
224532
224542
225261
225724
225809
226279
226364
226755
227882
228019
228082
228379
228748
228885
229291
229435
229520
229532
229562
230259
230263
230894
231145
231724
231835
232231
232250
232492
232880
233016
233269
233659
234711
234834
234903
234959
235077
235227
235837
235895
236039
236144
237066
237334
237434
237488
237510
238166
239015
239398
239439
239663
239750
239773
239819
239951
240366
240833
240933
241162
241557
242359
242776
243589
243610
243668
243686
244085
244868
245221
245379
245428
245456
245628
245811
245849
246492
246846
246927
247198
248262
248924
249055
249526
249559
249965
249990
250790
250822
250943
251163
251392
251640
251783
251800
252116
252117
252724
253107
253545
253768
253868
254508
254675
254867
254994
255038
255310
255565
255727
256186
256244
256694
257139
257363
257786
257851
257983
258585
258721
258993
259618
260083
260773
260963
261378
262218
262407
262409
262526
263039
263110
263145
264118
264260
264412
265202
266126
267209
267263
267379
267482
268158
268474
268594
268724
268771
268944
269185
270063
270274
270360
270499
271056
271287
271689
271807
272050
272200
272304
272311
272525
272535
273194
273592
273968
274030
274400
275085
275242
275308
275885
275998
276415
276640
276645
276791
276878
276904
276914
277077
277362
277539
277644
277894
277941
278013
278222
278266
278674
279237
279237
279589
279800
279961
280046
280077
280778
280935
281233
281639
281666
282138
282718
283466
283646
284741
284858
284930
285573
285931
286645
287139
287209
287491
287565
287812
287828
288459
288519
288653
289423
289470
290210
290269
290458
291774
292152
292183
292345
292491
292569
292637
292959
293232
293405
293806
294270
294401
294670
295285
295520
295579
295657
295930
295968
296267
296273
298000
298123
298175
298477
298614
298699
298926
299581
299590
